0.08330934143843782
0.052683153091354074
-0.5806213700361404
-0.4140177733898104
-0.3300774601228652
0.3295616748697192
-0.33131338863701076
0.5344238744122909
0.7465483789776306
0.6289124329597204
0.052683153091354074
-0.1642806199432042
-0.2513377631805416
0.6932008531835245
-0.30330210722015927
-0.6354151276416127
0.07058937931757203
-0.16871420245870639
-0.537445237849446
0.32590359127694146
0.3435912525386102
0.2828677856816848
0.6392841316675615
0.3127037083704616
-0.6388917864816186
0.8067647659217028
-0.310737262507471
-0.47821789610148113
0.012318963739409217
0.29223141707288747
-0.12107376851758367
0.1157502220651454
-0.34097961625216144
-0.2666840932777441
-0.2838625372247007
-0.8710897516127454
-0.36864785136707157
0.12219389674650172
-0.7417431259936638
0.26688685637400344
0.24118777913205602
0.2524281072035637
0.19913979562228112
-0.33859907043958215
0.4415611431742781
-0.010710213526388457
-0.7921551746202278
0.7683310007698603
-0.35323657701517097
-0.01302241775042523
-0.1125498046355804
0.07271075801942861
0.8019799861813295
0.6636019706573231
0.16371695394129482
-0.8230427181062407
0.8553437933269474
0.03601285546939481
-0.7660866666280496
-0.5841105791063232
0.08773497978864642
0.19913979562228112
-0.4571939049017041
0.615662012890607
0.3683042240300851
0.1368422289051372
0.3443114422554754
-0.47313089878269665
-0.09920345902360261
0.43392455104592953
0.37281624321230944
-0.20037370733638027
-0.46440708113721496
-0.30446097485542256
0.046997632430554326
0.7160453736931467
0.5898932683842066
0.4060979265818878
0.46459032053876226
0.3876444216363111
0.057993773042720465
-0.7737284858941145
0.03601285546939481
-0.6829449545744526
0.5551250558904524
-0.25001379543050184
0.3435912525386102
0.7032841356373079
0.644208215836489
0.46238369806985324
-0.363804691408248
0.6020377078456731
0.8336394909926046
0.0720233507518857
-0.5096417862566944
0.2845875329825176
-0.07552909161173516
0.5987583751803287
0.21272863211486182
0.6090417773697414
-0.4443042633581741
0.872695836924962
0.3181336780300621
-0.7809148467504271
-0.7165782505772464
0.4856143122842034
0.5083721550226463
0.3461893794981481
-0.8882876166399868
0.5272046459745392
0.14765147126727451
-0.3802480063459883
-0.44097147307717444
0.014596299039521421
-0.6456985303556226
0.008629984030327442
0.8599494177490061
0.4909249321388356
0.7419458878023042
-0.3479836860661698
-0.29406696455020687
0.6804778178824096
-0.4848381321199233
-0.951254962420586
-0.1642806199432042
0.10926977449193931
0.8304391331985239
-0.5036754706002496
0.07814072764880087
0.8549282756152463
0.6825463885013192
-0.19174338001189473
-0.587122841984834
0.39072246938122834
0.8750881681779159
-0.6308703515928014
-0.14919362171536166
-0.16871420245870639
0.4261060540812336
0.22016378741884357
0.011160095863264718
0.5923714797477819
-0.27349083882303293
-0.6157244975767906
0.9557918952208677
-0.6829449545744526
-0.5581600503013784
-0.3300774601228652
0.3738336067518646
0.07814072764880087
-0.46793449465272297
0.9244390192072087
-0.1734989823720945
0.3690488270373786
0.334429075009254
0.08992957695392279
-0.045286737397617904
0.08494747294942218
-0.45918258665916656
-0.7770487876318546
-0.0954572835022558
0.7263518656659407
-0.23210756948719735
-0.8670958861257269
0.2896745310006432
0.45965905793149275
-1.0
-0.16871420245870639
0.8439096458471131
-0.1544969560602606
-0.9703763936193922
0.25305651718625355
-0.6036505470025454
-0.026449398409357228
-0.045286737397617904
0.021023648266490724
0.6090417773697414
-0.7598908553856171
0.7785275973214059
0.36218684715791705
0.3674326104447878
0.7818330315752489
-0.25463388828890754
-0.9289354020572711
0.02610435402890232
-0.7152092739740961
0.7308530259614041
-0.42763396546797106
0.018106629269775576
-0.47821789610148113
-0.4114685938363499
-0.15046980483224215
0.18558726352391708
-0.3933119160892903
0.6703611100962539
-0.5575921932164314
0.3876444216363111
0.7226056901445939
0.8336394909926046
0.18953759913519574
0.6903413703310588
0.09916471937668314
-0.15376365229074074
-0.24591838437811564
-0.6829449545744526
-0.20457596105015508
-0.7703311036852217
-0.29975248562804213
0.5923714797477819
-0.8325193600247207
0.5591189234390284
0.17611061828446894
-0.310737262507471
0.24562136190294237
0.4856143122842034
-0.36465398418846673
-0.2666840932777441
-0.5536949553763995
-0.7837743281664447
-0.30161831278783
-0.6246745379456047
0.22324183512708706
0.05648832596431741
-0.310737262507471
-0.057680401736159514
0.04089430380404524
-0.1908970620368433
-0.15885065039984902
0.23224747929137535
-0.46440708113721496
0.6845188360346195
-0.06462693499467509
0.3245286235595246
-0.32147785203344525
0.4856143122842034
0.6619900668741194
0.12219389674650172
-0.6202409571771167
-0.08762015937941658
-0.463569563975205
-0.2903062119509735
-0.1642806199432042
-0.7201913793800662
-0.5321346176174441
-1.0
0.3876444216363111
0.5266659088044943
0.1345875610673819
-0.7075380428764884
0.8737240235231332
-0.5321346176174441
0.215076789401498
0.03887233832124415
-0.6064301418901197
0.8123841698895657
0.5729113994406749
0.6597151819865235
-0.9483954763836492
-0.5828080220771229
0.2896745310006432
-0.6456985303556226
-0.46855166853551666
0.6903413703310588
-0.2666840932777441
0.3602615502816986
0.7710924420381857
0.07370714487791474
0.024224006165844525
-0.6829449545744526
-0.6428048013919812
-0.6172393833384282
0.2612153840178306
0.661882223248375
0.06336438302482561
0.36973819550399445
-0.4861406877885196
0.6130356448467729
0.3876444216363111
0.239503985006027
0.4817482541175766
-0.4301037330523745
-0.298948413196062
-0.10868010435276099
-0.1276626060064152
-0.4497587490842868
-0.2928310363441228
-0.07374588455233966
0.3034853458915614
0.42489084543077094
0.3435912525386102
0.27228404351701707
0.6785525210248888
0.6185184226396572
-0.3263312846539904
0.22016378741884357
0.29759732213331325
0.052683153091354074
0.3666204299164304
0.22016378741884357
-0.021501304454205283
-0.4341647269817761
0.5457948048346097
0.5015952415560119
-0.41994748095006995
-0.33376644000931577
0.16512584117373819
0.3904058629036016
0.12962905203047947
0.09304734252434077
-0.36465398418846673
0.586738975643609
-0.2612541237648395
-0.5119876635193776
-0.3418142410004359
0.5228607359721344
0.6169645685035947
-0.4475917079534846
0.5791647238744524
0.6988202571766791
-0.20152704384197062
0.7679519834393866
-0.0775510573002186
0.2995380834189054
-0.224556221085764
0.6845188360346195
0.5049545099861108
-0.2006229322828118
-0.565904384655765
0.8793648015929114
0.3876444216363111
-0.3517888592309968
0.12919796634989655
-0.2127673716517594
0.7778610493649294
-0.8572323358418893
-0.769125995490059
-0.02969271547389274
-0.4571939049017041
0.1145226657411702
-0.4140177733898104
0.28799073689923427
-0.34411762772997534
-0.16732953708909049
-1.0
0.8165145863961654
-0.4341647269817761
-0.2127673716517594
-0.7567323316147675
0.6597151819865235
-1.0
0.6165931258044635
0.15805565497551033
0.355380101801819
0.15065304372702193
-0.8028957644262575
-0.02363433588484709
0.2574102111451948
-0.4866967834948627
-0.6863722946144293
-1.0
0.7171229124235319
-0.5670688370419572
-0.4626238748241346
0.8406031856379055
0.8900863243987354
0.32193885085412677
-0.6456985303556226
0.6451348650043689
-0.6046469335893105
-0.05909755246974868
-0.25526668690422283
-0.14325662825332963
0.5061904383247278
0.8160591225338276
0.021976329626140156
0.07986047500581472
0.7687934381700099
-0.000320056908109434
-0.10601020428597807
0.15944032050952672
0.5781542332102609
-1.0
0.15944032050952672
0.5641818513621844
0.5894777507784594
-0.35721882889615386
-0.055461861210034824
-0.4148245303819684
-0.045286737397617904
0.21049755923307578
-0.7567323316147675
0.008629984030327442
0.851999470288761
-0.5721267928077474
-0.5892516973606261
-0.3361948370795874
0.2896745310006432
0.9330182688720277
-0.34097961625216144
0.37492445953187037
0.2512407658621907
0.47180349738753247
0.39464849120407974
-0.4358844751886337
-0.6280304750731428
0.12219389674650172
-0.022257560187831205
0.2498979953155187
-0.9043423088042506
-0.7567323316147675
0.6185184226396572
-0.09145016887726409
0.3602615502816986
0.5304120843268991
0.634499351927188
-0.07074431194528497
0.4415611431742781
-0.2643718894631458
0.5438847278966588
-0.2784729428327729
0.1046591133449124
-0.6650387286311481
0.029008785776133195
-0.20037370733638027
-0.6246745379456047
0.1316705419444799
0.5610913708286243
0.15805565497551033
-0.08253316117636045
0.03961924289981478
0.3050697678412395
-0.3037331929009325
0.401614987600706
-0.41749442968464334
-0.001233568387934758
0.0860635187381722
0.716112537920125
0.6738300877513828
0.4650779563874545
0.491890599790183
-0.7809148467504271
-0.07702059944806416
-0.24734389562003378
0.2995380834189054
-0.4341647269817761
0.7294299134191071
0.6107314590326398
0.3799731906688366
-0.3614106667140996
0.7851527391304514
0.8875562124738234
-0.6016453612359176
-0.4894582245685435
-0.0031588652232413805
-0.2596800234605924
0.8490347278042476
-0.4280473507585332
-0.16031949054633077
0.6338945368904596
-0.48895848628758654
0.8647812418778238
-0.08565092698294241
-0.08311749877419305
-0.6191197310876262
1.0
0.16716057725469313
0.6755131918808617
-0.47002648593996443
0.36973819550399445
-0.12944581325238957
-0.841638312947221
-0.1805030518120283
1.0
0.2956408460103739
0.707011668005409
-0.41840108530891174
0.1157502220651454
0.333727700120348
0.3311975881954363
-0.045286737397617904
0.14321788849638817
0.355380101801819
0.25040614164331565
-0.3744254714126748
-0.036499460667504535
0.717518692126468
0.5257202188258328
0.6994806114143457
-0.9677356801602691
0.6530949465872433
-0.137826658415249
-0.5652030105178515
-0.2784729428327729
-0.9623660463026512
0.4476785200400488
0.551648399155213
-0.3896023416053721
0.640612953427379
0.6981923138322548
-0.6246745379456047
0.17611061828446894
-0.12658633029606559
-0.1307344747328847
0.08067083952528864
0.07814072764880087
0.5439646165108185
0.7419458878023042
-0.5955279850126747
-0.07883288254295984
-0.3517888592309968
0.4801843426246031
0.19818286972205623
0.4830438254738467
0.3876444216363111
0.6503952147532952
0.20837493813520203
-0.8670958861257269
-0.34097961625216144
0.6392841316675615
-0.13698034060128106
0.8239083712888409
0.3142676198634353
0.42489084543077094
-0.9929275846128232
-0.09920345902360261
0.6369035855051204
-0.8516552306588937
0.40650757375126045
-0.772127567843452
0.17611061828446894
0.32605646916233777
0.9633432435385556
0.3435912525386102
0.22016378741884357
-0.4719416097527688
0.4822349078118082
0.6074255608860399
0.4571551652547845
-0.10624354423597915
0.11990360968036362
0.15065304372702193
-0.24122651855893174
-0.7049258721035874
0.7015816984447172
0.2896745310006432
0.008629984030327442
-0.6891407673471897
-0.533473256272503
-0.5551637961424922
0.10116990506662904
-1.0
-0.16871420245870639
-0.2897132706475626
0.15065304372702193
-0.1717157751880075
-0.2127673716517594
0.5691804466938544
-0.8547022201600196
0.6143523973211076
0.925224531886361
0.06392348118786662
-0.22943766942041455
-0.22263092424972408
0.22628116429855027
-0.2127673716517594
0.12219389674650172
0.42489084543077094
-0.6318877166382711
-0.03454614786903465
-0.11479748116278743
-0.08253316117636045
-0.2311273511834957
-0.1805030518120283
-0.0954572835022558
-0.7828249246169567
-0.6963719360365443
0.5075952299238917
-0.08619167336375821
0.671084534272091
0.7205837245845002
-1.0
-0.9210126059913615
-0.4751001305995751
0.7886596726700812
-0.2822781154169288
0.3205620751467875
-0.057680401736159514
-0.47821789610148113
0.9347679034614556
0.13087591387258102
0.01145602180028038
0.8690623326488487
0.6597151819865235
0.4199087414897946
-0.6046469335893105
-0.3948963381421988
0.42691281102599765
0.7474584495955487
-0.6283080429469866
0.0695867908712744
-1.0
0.018106629269775576
-0.8609785120479106
-0.270373072939073
0.20792707239525998
-0.19717334952174315
-0.4032771836277893
0.21537900765215134
0.09531917165925008
0.7598521139233363
0.4131019961570839
0.8561726911361078
0.5228607359721344
0.3738336067518646
0.6733185948002176
-0.8630348954419709
-0.4436413722889301
-0.841638312947221
-0.3426140545359381
0.34537445974437797
0.8188917866419225
0.8578220045852003
-0.4341647269817761
-0.4280473507585332
-0.8670958861257269
0.3690488270373786
0.23742995095230324
0.829196850372103
0.09373474970180173
0.05989633005818695
0.8635075252279676
0.5040678172855104
0.24780801466977187
0.4333697322464023
0.3435912525386102
-0.5012470742634573
0.07814072764880087
0.15796700204791825
0.2574102111451948
-0.045286737397617904
0.4986782225422277
-0.5849750649656558
-0.4475917079534846
0.4856143122842034
0.005386667131939804
0.4736911904343819
0.6109982535605176
-0.14325662825332963
0.06279439750947646
0.29316794336592644
-0.5849750649656558
-0.12223263639342108
-0.10601020428597807
-0.44412999465461767
-0.26877608478550763
-0.3448251642207033
-0.3614106667140996
-0.07216146247192567
0.5923714797477819
0.47880756695302074
-0.7884661956726307
0.797098537713306
-1.0
-0.11671361699644733
0.6409185695143793
0.6335309198716532
0.3523331070866875
0.4670187176730467
0.09673632230885643
0.5617452914103269
0.5110718868807693
0.9795173943276829
0.5341010640905561
-0.2127673716517594
0.12219389674650172
-0.6172393833384282
0.14153409440421205
-0.140255055726754
-0.7502886583666692
0.23807001357171353
-0.3424711245888006
-0.7241043942904287
-0.026926758085925373
-0.7049258721035874
0.3319444929318467
-0.7866003653417676
0.6724351441274095
0.052683153091354074
-0.8080921685837368
0.03601285546939481
0.8528399006123524
0.3876444216363111
-0.4280473507585332
0.4670187176730467
1.0
0.7641287473548288
0.5805826304442316
0.7356696003569363
0.5448416537026342
0.9769933816292977
-0.3802480063459883
0.49316566071742085
-0.07650732582885622
-0.721175587826182
0.3561459454890161
0.30901472860757395
-0.47821789610148113
-0.18252501737119753
-0.4259733161821324
0.2896745310006432
0.44948393427784605
0.6357044590687684
-0.4071227314720711
-0.33176125383727395
0.5483183105337726
0.5966481131778956
-0.2666840932777441
-0.6095681533777131
-0.4341647269817761
-0.1805030518120283
0.6572253629646663
-0.5520052741791452
0.2642169565018746
-0.01682759052711935
-0.06631072918751235
0.32344429798036534
-0.6134342101858259
-0.4714111509438885
0.8950684283489734
-0.2127673716517594
-0.6388917864816186
1.0
0.1368422289051372
-0.9043423088042506
-0.712679163888673
-0.6016453612359176
-0.2761607386069025
0.25138437568276895
-0.6354151276416127
0.5144992276701343
-0.14325662825332963
-0.2127673716517594
0.74705439689617
0.46894401453475854
-0.897338239034251
0.18558726352391708
-0.045286737397617904
0.766658859249018
-0.5211498404519583
-0.11479748116278743
0.0720233507518857
-0.5477286397199547
0.28200330005209717
0.2995380834189054
-0.3361948370795874
0.09673632230885643
0.004883808564203118
-0.11159712331002858
0.27183283244305234
0.6785525210248888
0.9273327481774778
0.5189946777969447
0.6614896586218657
0.22016378741884357
-0.5849750649656558
0.17611061828446894
-0.6914238410719418
-0.14325662825332963
0.07603046551006187
-0.8670958861257269
0.25040614164331565
-0.3592240138626226
-1.0
0.3142676198634353
0.6859636688475999
0.3744787966917962
-0.06412407642706253
-0.8630348954419709
-0.46154759942047097
0.5658656455641371
-0.5575921932164314
-1.0
-0.6529117065744635
-0.23379136344165385
-0.14645698582041755
-0.807356629697407
-0.7226444285812726
0.20668328492753152
0.8361696029056938
0.03601285546939481
-0.37257677522087496
0.624635799508926
0.8849993263806093
-0.7884661956726307
-0.47821789610148113
-0.09920345902360261
-0.5814984076439519
0.4136155425332586
0.40368219682925544
-0.19044780858967225
0.8423813455449027
0.2028976237998581
0.49440158911211407
0.47649536288710514
-0.9885825864581299
0.1448305095149205
0.7453456712234832
0.2953600517028687
0.3181336780300621
0.587137553396339
-0.310737262507471
-0.6829449545744526
-0.27280147028806667
0.20837493813520203
-0.024262745757753224
0.4415611431742781
0.3829525561680467
-0.7975851408569251
-0.11479748116278743
-0.46154759942047097
-0.2127673716517594
-0.2127673716517594
0.42899785898319087
0.2995380834189054
-0.10601020428597807
0.04524799786072031
0.788311260931799
0.42489084543077094
0.16624706586620674
0.6008503664398419
-0.5857582849427008
0.8399157783815507
0.6169645685035947
0.3181336780300621
0.8399157783815507
-0.1544969560602606
-0.2357965488895517
0.5121201464147254
-0.09920345902360261
0.3876444216363111
-0.7660866666280496
0.3702539341526849
-0.08680979459820182
0.47880756695302074
-0.6388917864816186
0.6661588566805565
0.22016378741884357
0.715305331798179
-0.5421738326319304
0.3295331259480949
0.49685464037849303
0.7906015480834965
-0.4341647269817761
-0.27349083882303293
0.6766866933499032
0.2605279767784823
0.4744538729307526
0.4905355309128414
0.6661588566805565
0.2535441529923137
-0.518582085346738
-0.5379975199681213
0.8099736242282647
-0.17100448956012138
-0.12223263639342108
0.1917046403374696
0.2972127899706474
-0.45163909801622004
0.6392841316675615
-0.9111490526049066
0.858460376073628
-0.1805030518120283
-0.2951432405699932
-0.05249991430993006
0.2896745310006432
-0.508460250506303
0.28066888687144353
0.08992957695392279
-0.6539458667774302
-0.7152092739740961
-0.15885065039984902
0.3815270447764456
0.7765224116972305
0.21197237649147316
-0.6650387286311481
0.010555280953162605
0.6570888140145752
0.45103778838551545
-0.8325193600247207
-0.23210756948719735
-0.5239432068178004
-0.30254585168582293
0.30901472860757395
0.5850711213902782
-0.16259682586872382
-0.5321346176174441
-0.03454614786903465
-0.14325662825332963
0.33539984161073444
0.2542516893154456
0.06827717523053867
-0.5361284864601299
0.5819997809647601
0.43613117351490005
0.20837493813520203
-0.5934539514998187
-0.2127673716517594
-0.11479748116278743
-0.09920345902360261
0.6143523973211076
0.7724614172640283
0.5961766525261134
0.12219389674650172
-0.650445705542499
0.6730339635462117
0.24562136190294237
0.28385199675186756
-0.028616439660397508
0.49685464037849303
0.2056412680626063
0.008629984030327442
0.6661588566805565
0.0720233507518857
0.3435912525386102
-0.2078859235025744
0.15445821659998527
0.6685316104229702
-0.38232203985631497
0.3071489009495805
-0.3641338040658634
0.12219389674650172
0.18701277484996948
-0.2127673716517594
0.22584930810230586
-0.8165119533504575
-0.3802480063459883
0.024224006165844525
0.6215600565884638
0.6841719250061413
-0.2596800234605924
-0.3592240138626226
0.6579275772876869
-0.18730979724100838
0.6899300962065416
0.17035740642998642
-0.5934539514998187
-0.36465398418846673
-0.12658633029606559
-0.16585471986696476
0.5551250558904524
-0.46154759942047097
0.6118270933034953
0.6950332357939812
0.6994806114143457
0.302738441195614
0.12219389674650172
0.8490347278042476
0.07814072764880087
0.6960268910249992
0.16742860117812075
0.22628116429855027
-0.6506806339645685
0.06197750981818184
0.4571551652547845
-0.12223263639342108
0.31396765275166194
0.3043228631592785
-0.029172535557580592
0.4922345478513248
-0.31604788207934165
-0.4311253981197667
-0.05993506963391593
-0.6202409571771167
0.7573739026383479
-0.22188632101970662
0.6113320645632199
-0.06831591487745836
-0.2852796880747156
-0.22263092424972408
0.717518692126468
-0.7921551746202278
-0.2127673716517594
-0.5154643203203112
-0.47002648593996443
-0.3714607291757873
-0.41190751037576034
-0.25001379543050184
-0.2568205408594819
-0.08933990660534052
0.6115073445109831
0.062275573872909495
-0.5551637961424922
0.0032000143109371937
-0.09920345902360261
-0.24122651855893174
-0.9070880593686429
0.5744652535481627
-0.6191197310876262
0.01298367802098932
-0.81816126821871
-0.7832051341633961
-0.14325662825332963
0.9519258370473682
0.33848034204447863
0.5049545099861108
-0.41567084789221087
0.8232454806523906
0.6785525210248888
-0.8325193600247207
0.6819798619242758
-0.1989565566630438
0.36416737855588277
1.0
-0.64163753707535
-0.25246684669592856
-0.3479836860661698
0.20386839040941762
-0.46031167059826417
-0.10758430433833566
-0.4815506875193737
-0.9304892535209576
0.26865053926075855
-0.0954572835022558
-0.310737262507471
0.1754981376173712
0.4856143122842034
-0.900164277133758
0.06392348118786662
0.12219389674650172
0.1851692296669245
-0.9111490526049066
0.5228607359721344
0.7062433892689917
-0.310737262507471
-0.3247078284263917
-0.6095681533777131
-0.14794849357417894
0.8183279042832292
0.18291736362787625
0.048406519666893244
-0.5231355520035195
0.22016378741884357
-0.37686860182004545
-0.1207637962324487
0.1917046403374696
0.6267835778681643
0.8205755807802617
-0.045286737397617904
-0.7280744009516902
0.6579021257827735
0.12219389674650172
0.4415611431742781
0.6903413703310588
0.19087574252702888
-0.2983435977630067
-0.8438652702614968
-0.04722749876235488
0.43613117351490005
0.9735336957278218
0.6744915265910649
-0.5849750649656558
0.18291736362787625
0.5524253241794372
-0.14325662825332963
-1.0
-0.8987553930424731
-0.4532861628985797
0.4779777201656348
-0.841638312947221
0.2574102111451948
-0.6134342101858259
0.0016259143871766302
0.2995380834189054
-0.6246745379456047
-0.7546034762389755
0.8849993263806093
-0.20152704384197062
0.1195239969013342
0.717518692126468
-0.24734389562003378
-0.08565092698294241
-0.5707578169137382
-0.11479748116278743
-0.9889071298212928
0.5110718868807693
-0.6541774177490041
-0.25001379543050184
-0.17214154353917566
-0.13582147296601776
0.6169645685035947
0.6936741608392791
0.07686566670067818
-0.6813708539317256
-0.0555701395806526
-0.045286737397617904
-0.9177692885500011
0.552231326999717
0.7388281222091713
-0.5096417862566944
0.3925882970616317
0.048406519666893244
0.5296674814528071
0.36218684715791705
0.5677343591565531
0.12219389674650172
0.8467427695624115
0.09673632230885643
0.5551250558904524
0.06392348118786662
1.0
-0.36785434159052177
0.6649999888742066
0.4202440968169425
0.14153409440421205
0.5563802456276226
-0.5743913224138859
-0.621913098251127
0.5359632968131514
0.5835842029687701
0.4856143122842034
0.8900863243987354
-0.019829162986866877
0.39662774182698857
-0.24470317562583144
-0.310737262507471
0.5341010640905561
0.37852547226413225
0.10116990506662904
-0.5321346176174441
0.3181336780300621
-0.9905233468592879
0.797098537713306
-0.5652030105178515
-0.041481564743552246
-0.310737262507471
0.3876444216363111
-0.4751001305995751
0.07627489992963565
-0.7921551746202278
-0.9320331761366434
-0.19174338001189473
0.7554984199006682
0.1854408693419496
0.7140668694062122
-0.295630876412609
-0.3263312846539904
0.4738254629993395
0.22016378741884357
0.3181336780300621
0.10116990506662904
-0.44097147307717444
-0.349621818093209
-0.9111490526049066
0.24562136190294237
-0.045286737397617904
-0.5036754706002496
-0.4975580943770067
0.6629584988857042
-0.4341647269817761
0.4324421937724783
0.34468705250862874
0.024224006165844525
1.0
-0.6577822235894257
0.5474538248851208
-0.7075380428764884
0.0032000143109371937
0.09916471937668314
-0.00804031374461478
1.0
-0.23769910613327838
-0.6354151276416127
0.1716770355584063
0.9166201745600857
-0.8131791646097641
-0.4212175158884869
0.4609013407761313
0.3955672127689811
-1.0
-0.2127673716517594
-0.5433749453929402
0.20349348964494918
0.4047880270538944
-0.20152704384197062
0.8013751711446011
0.736576256108989
0.28166417927437326
0.7087948752213162
-0.1999347907128981
-0.12658633029606559
0.028500639480559364
0.5282503307622124
0.23234906576345593
0.3250973727008435
-0.5837391349153951
-0.5115982627420452
0.31102659270468025
-0.24850834838458713
0.0016259143871766302
-0.6771224205108359
-0.23877346755069928
-0.33176125383727395
-0.9425729454006453
0.5448416537026342
-0.5761877880574117
-0.07650732582885622
-0.6246745379456047
0.5514360762291237
-0.5066770429536427
-0.310737262507471
0.10307246197521991
0.32344429798036534
0.5110718868807693
0.7645321255360404
-0.22741570388805743
0.7517032086880235
0.280439388566452
0.43924893911259444
0.3926265255865491
-0.7059741313281487
-0.06831591487745836
0.32193885085412677
0.3482231543796621
0.21197237649147316
-0.4497587490842868
0.5236265797431574
0.21434125313339392
-0.34300158244150647
0.3136172197838585
0.4056533570633154
-0.024262745757753224
-0.5321346176174441
-0.46440708113721496
0.4398595623351562
-0.310737262507471
0.09195154251771487
0.07814072764880087
0.4394508810207407
0.8129043497749304
0.30146338030681274
0.4885790546559454
0.6770376353037999
-0.46440708113721496
-0.12658633029606559
-0.6318877166382711
0.4683954933583818
0.7163735550644821
0.10116990506662904
0.6675677439822181
0.5341010640905561
0.265247335390532
0.2574102111451948
0.48819854526016626
-0.045286737397617904
0.28812067689714094
0.5744652535481627
-0.8165119533504575
-0.021104223802264954
0.381821887349967
-0.10516977412993811
-0.6016453612359176
0.4443871810022273
0.4161035686494303
-1.0
-0.769125995490059
0.7123222879567757
-0.03454614786903465
-0.045286737397617904
0.43781496764855876
0.11168687271398037
-0.6792180396781947
0.005770501251086468
0.5031778586742803
0.6136008462503453
-0.35721882889615386
-0.9806597988639055
0.2740805089201368
1.0
0.12219389674650172
0.2896745310006432
0.20505740116631577
0.12219389674650172
-0.988094953471082
0.6919795018559902
0.5049545099861108
-0.310737262507471
-0.6394222440069102
0.5811073287919344
0.46576839931860103
0.9670322233011868
-0.15706744310541654
-0.18730979724100838
0.724610875805443
-0.40870715281307324
-0.5433749453929402
0.6320709547929038
-0.46440708113721496
-0.08070957912914034
0.5672087477298882
-0.47821789610148113
0.48354027825896617
0.3709741238990907
-0.6579663161045404
0.20988038523261987
0.6903413703310588
-0.6779628501953535
0.4387677770161984
0.4415611431742781
0.22799033332059926
-0.8230427181062407
0.12041068957647316
-0.36514161982437476
0.3591852746328694
0.9536517263691078
0.6143523973211076
-0.4975580943770067
-0.5173743981746164
-0.310737262507471
0.4131019961570839
0.09840846379882096
-0.8670958861257269
0.4670187176730467
0.8895263624614034
0.3666204299164304
0.6564277370949854
-0.14325662825332963
0.16791920735659294
-0.8131791646097641
0.7532917974315141
-0.5218512164849988
-0.15204390479483398
0.8370593687178036
0.3043228631592785
-0.7436684223115532
0.16624706586620674
0.7710924420381857
-0.35110145187275177
-0.9155826365273554
0.7148107083410504
0.10006911281659825
0.1434492178094453
1.0
0.9499693609244289
0.6785525210248888
-0.36357770796330624
0.03961924289981478
0.07571233051451665
0.17068064865509647
-0.5737347355688847
0.05737501861714622
0.2600509312356989
-0.47821789610148113
1.0
-0.2719947129596365
-0.6016453612359176
0.2669549289312765
-0.16871420245870639
-0.2880176604526469
-0.8306535335152845
0.11400248581786676
0.10838308190088641
-0.19717334952174315
-0.47002648593996443
0.008629984030327442
0.47309215899824975
-0.0775510573002186
-0.38686824148425547
-0.41749442968464334
0.14804087260492116
0.06935345090681233
-0.1329732258281271
-0.6941852839845597
-0.2127673716517594
-0.6829449545744526
0.2956408460103739
0.3127037083704616
0.4571551652547845
-0.1861885727321655
0.6736710725788693
-0.23210756948719735
-0.019829162986866877
0.5134761202835383
0.09491959575954634
0.44948393427784605
0.058800530044408994
-0.6046469335893105
-0.5115982627420452
-0.07374588455233966
0.6462882012323103
-0.35764991409626024
0.21272863211486182
-0.40870715281307324
0.12219389674650172
0.7887370293369877
-0.6650387286311481
0.12618776422293232
0.42489084543077094
0.12219389674650172
0.18558726352391708
0.12219389674650172
-0.19174338001189473
0.3435912525386102
-0.924212965868909
0.5888948228542294
0.2574102111451948
0.4069846192601685
0.38336778821250506
0.8114566314207778
-1.0
0.7583466668003864
-0.10779341162959677
0.1114533072255286
0.42489084543077094
-0.2357965488895517
0.07814072764880087
0.03887233832124415
0.36705074785723535
-0.00202448061987881
-0.298948413196062
0.21197237649147316
-0.8325193600247207
0.4020432715779869
-0.8851938030997122
-0.12815024184840595
0.5110718868807693
-0.40870715281307324
0.022056964881054464
-0.9650657800620515
-0.6456985303556226
0.44739646141484024
-0.08633833408039471
-0.045286737397617904
0.7510648371414135
-0.001233568387934758
0.4778193304684353
0.7749061950663412
-0.1831437718555382
-0.7998754292349433
-0.47821789610148113
0.11371500990322936
-0.41749442968464334
-0.4140177733898104
0.12219389674650172
0.40070833181390997
0.15065304372702193
-0.3263312846539904
-0.5102303943286133
0.19373680950506444
0.0383817320677986
0.32344429798036534
0.8513437752116613
-0.5239432068178004
0.4912998329921152
0.35575097445260084
-0.11479748116278743
0.2004284572892674
-0.22741570388805743
0.21197237649147316
-0.9304892535209576
-0.5203457686518183
-0.9304892535209576
-0.42317995034195044
0.1023232412127193
0.7015816984447172
0.8987387290128703
-0.7943418266722124
-0.16704206096958485
-0.40419069498043214
-0.38686824148425547
0.349557567504869
-0.4032771836277893
0.7015816984447172
0.7238608798817638
-0.6202409571771167
-0.34567148203467135
0.7015816984447172
-0.3714607291757873
0.537577720913494
-0.5712565244009299
0.3269209548108203
-0.8434215220071811
-0.36785434159052177
-0.2548952437620089
-0.2897132706475626
-0.14325662825332963
-0.1948611457084548
-1.0
-0.9483954763836492
0.5457948048346097
0.6339901346384971
-0.19717334952174315
0.0860635187381722
0.20349348964494918
-0.6134342101858259
-0.6650387286311481
0.5649886083087148
0.6557648463982491
0.8016345629996897
0.06827717523053867
-0.5623769723963402
-0.1717157751880075
1.0
0.797098537713306
-0.24122651855893174
-0.2666840932777441
0.07814072764880087
-0.6262384509525202
0.07603046551006187
0.07646858618146268
0.5880177857265425
0.3448938081194257
0.4571551652547845
0.7445866077965064
0.14153409440421205
-0.024262745757753224
0.3329520221404123
0.5551250558904524
-0.14325662825332963
0.43831782627589067
-0.36465398418846673
-0.25203576111910864
-0.7656493384785121
-0.5892516973606261
0.3210984204984084
0.9530367515657616
0.22016378741884357
0.4190683111340765
0.014360453680194007
-0.8431252333094492
0.23386271364416666
-0.42061219523117366
0.3632172260059121
0.44994198839581623
0.8419721608452062
0.5555119630262055
-0.9483954763836492
0.03601285546939481
0.5673928418866472
-0.6785912606718083
-0.13339307572504544
0.5617452914103269
0.42489084543077094
-0.009424979278631063
0.08075289884215109
0.3876444216363111
-0.8371218521806629
-0.2743553242830755
-0.2784729428327729
0.4032384437388219
-0.24653713862956828
0.22016378741884357
-0.6914238410719418
0.4778193304684353
-0.25001379543050184
-0.6172393833384282
0.43137777141821987
0.704558616689088
0.17979959799355072
0.4100626670133347
0.22016378741884357
-0.8080921685837368
-0.6603468639671941
-0.23210756948719735
-0.11099230828982398
-0.14325662825332963
-0.733385020807784
-0.8262430780204623
0.6386911903123276
-0.6996152518715855
-0.3948963381421988
-0.6513840516032059
0.10838308190088641
0.35701823338933725
-0.5712565244009299
-0.09920345902360261
0.3181336780300621
-0.1861885727321655
0.3435912525386102
0.3362315927970563
0.49733586623384496
0.008629984030327442
0.505484967825284
0.650315352369661
0.6177176813578982
-0.2666840932777441
0.8309754785486325
0.2896745310006432
0.0026636690824235476
0.7921164337630675
-0.06831591487745836
-0.5353349758446633
-0.4485942971346557
-0.8148513040792884
-0.3592240138626226
0.4983342743494539
0.07691420990660514
0.46894401453475854
-0.6290282336746125
0.4178867758650979
0.35271020191433133
-0.897338239034251
-0.47821789610148113
0.3738336067518646
-0.2596800234605924
-0.34300158244150647
-0.6043152624099049
0.3702539341526849
0.43014373666481776
0.07814072764880087
0.06715595063018154
0.707011668005409
0.2896745310006432
-0.5348045176789878
-0.537445237849446
0.7492683718069468
0.07058937931757203
-0.11919875895694887
0.7904326396478099
0.07651088351478297
-0.18362081761861027
0.05989633005818695
-0.09219938947364681
0.42930418236208245
-0.7298576047801096
0.23322769755976847
-0.8864360815406834
-1.0
0.4520681672647493
0.3210984204984084
0.3738336067518646
-0.8670958861257269
-0.2612541237648395
0.6147722471069379
-0.6619209633380017
0.6497155421155372
0.3224650727961744
0.1421741569204238
-0.6587624409790995
0.27728086671421703
-0.3263312846539904
-0.18252501737119753
0.18953759913519574
0.19598127381576957
0.42489084543077094
0.008629984030327442
0.16371695394129482
-0.9425729454006453
-0.34216115200255304
0.48277165031325064
-0.35479043149514977
-0.4373650857664396
0.9170493460306615
-0.23769910613327838
0.6462882012323103
-0.5761877880574117
-0.4420875191235717
0.8209947022748276
0.4178867758650979
-0.2568205408594819
0.300227451885521
-1.0
-0.24503169155436
-0.8609785120479106
0.01298367802098932
-0.14325662825332963
-0.9483954763836492
0.6222395138896488
0.44948393427784605
-0.9325456347329169
-0.6283080429469866
0.14613658557953846
0.9200323898580622
-0.5346647306483653
0.15445821659998527
0.5110718868807693
0.9538665983329604
0.5189946777969447
0.851999470288761
0.5784155891594416
0.2574102111451948
-0.10868010435276099
0.15445821659998527
0.49440158911211407
-0.2127673716517594
0.29465663495088146
-0.9929275846128232
0.44555501062148983
0.2968166317145513
0.6632061909310161
0.7094400652194428
0.04449174216145457
0.6564277370949854
0.2896745310006432
-0.6354151276416127
-0.1948611457084548
0.22016378741884357
-0.5670688370419572
0.3692420485254173
0.04449174216145457
-0.224556221085764
-0.5233014452829903
-0.5154643203203112
0.6755131918808617
0.1695798563747859
0.47880756695302074
0.1787805181104125
-0.08565092698294241
-0.5603379430641098
-0.8937585702939513
-0.13146777894192063
0.23271848035457965
0.5515453833459134
-0.21845289245925503
-0.1393905698053668
0.6169645685035947
0.052683153091354074
1.0
-0.6016453612359176
0.4742180276464183
0.7921164337630675
0.42815607727070026
-0.02969271547389274
0.6392841316675615
-0.16052279164683803
0.32030071926259085
0.44792002279201637
0.472479367712592
0.6151591543227961
0.6130356448467729
-0.7750923111465038
0.5950121996817954
-0.3699646035953045
-0.49128180672495814
0.5814440341173206
-0.045286737397617904
0.5551250558904524
0.30146338030681274
0.40186166804523515
0.06749479951712778
0.3942646571561854
0.5841100431975592
0.10838308190088641
0.14522307416633007
-0.6996152518715855
0.42165837606863166
0.5189946777969447
0.0002813172678068909
0.46213726920502296
-0.2921416677153893
-0.23915248455803018
0.7688021549268482
0.7818330315752489
-0.2666840932777441
0.6392841316675615
0.9229790541948175
-0.5012470742634573
0.07571233051451665
-0.11907411443793281
0.3876444216363111
-0.2865547486920742
-0.46440708113721496
-0.48895848628758654
0.4056533570633154
0.8137688354235817
0.21197237649147316
-0.16357308345200827
-0.6172393833384282
0.7279983693525391
0.558457846399032
-0.2127673716517594
-0.7189554508622533
0.13398274605267146
-0.3308842172685389
0.26865053926075855
0.15944032050952672
0.23662748106331222
-0.2822781154169288
0.7419458878023042
-0.4280473507585332
0.5500380578723267
-0.7049258721035874
0.4742987706467461
-0.24122651855893174
0.44948393427784605
0.10199738353410281
-0.045286737397617904
0.8357497531486147
-0.7847200175925696
0.041546459372435285
0.6661588566805565
-0.2629379177563972
-0.2822781154169288
-0.045286737397617904
-0.02969271547389274
-0.5119876635193776
0.5542727675464627
-0.19289671620847615
-0.5520052741791452
0.31557679193183796
0.29310187190003
-0.22400769967873424
-0.2666840932777441
-0.1805030518120283
0.7554984199006682
-0.2921416677153893
0.6557648463982491
-0.841638312947221
-0.9483954763836492
-0.4389495076359782
0.6176721048763101
0.8417673084027377
0.01543672928816231
-0.0874146097698244
-0.6555620838520994
-0.5707578169137382
0.45637948728404676
0.6357044590687684
-0.2127673716517594
-1.0
0.08725967698214299
0.14321788849638817
0.1932890623359067
-0.2127673716517594
-0.06515739292196987
0.5980570002869852
-0.2761607386069025
-0.7921551746202278
0.24862293442788808
0.03601285546939481
0.10589849973451693
0.7931927094393407
-0.3186600535343782
0.35151404362798133
-0.3734412607360834
-0.29406696455020687
-0.2357965488895517
-0.001233568387934758
0.24562136190294237
0.20082358981567383
0.3499501321420597
-0.3151708451463311
0.0837601316725447
-0.5154643203203112
0.046860618879252636
0.8325774080473405
-0.29406696455020687
-0.13107134969228063
0.9337196437651485
0.4055506478258548
0.024224006165844525
-0.7567323316147675
0.5986477671193351
0.47180349738753247
-1.0
-0.69308449142866
-0.1554712458763512
-0.6996152518715855
0.5744652535481627
-0.33376644000931577
-0.38872689285919493
0.48277165031325064
0.8774034637704664
0.16415507463588952
-0.3802480063459883
-0.13001367127342855
-0.09120573432450552
0.5285462566685115
0.3181336780300621
-0.1341376788515295
-0.7075380428764884
0.4430211082158799
0.5805826304442316
-0.014399193409905031
-0.616551975982406
0.5873893757760258
0.6195488014908004
0.9047346565573708
-0.310737262507471
-0.6411820728530471
0.3269209548108203
0.5658656455641371
-0.2283613937836092
1.0
-0.15885065039984902
-0.5239432068178004
0.3831279634147873
-0.24122651855893174
-0.7298576047801096
-0.7436684223115532
-0.890125062835414
-0.5892516973606261
0.6749007112907612
-0.7847200175925696
-0.35764991409626024
0.4069846192601685
0.22016378741884357
0.6903413703310588
0.7566935920778701
-0.16259682586872382
0.12219389674650172
0.06827717523053867
0.15944032050952672
0.3368181806012862
0.7403920336948164
0.42013744332837555
-0.0775510573002186
-0.12658633029606559
0.5341010640905561
-0.6246745379456047
-0.39958820374133874
0.9499693609244289
0.3311975881954363
-0.6914238410719418
-0.5623769723963402
0.3181336780300621
-0.5575921932164314
-0.3920368548778136
-0.20353222941289284
0.2131886046165674
0.5601071598406906
-0.3802480063459883
-0.08933990660534052
0.46459032053876226
0.3435912525386102
-0.9540810043268502
0.5341010640905561
-0.3300774601228652
0.25040614164331565
-0.7250728256368748
0.5970331704734018
-0.28011107428088744
0.7296919305811886
-0.013201199466013835
-0.7075380428764884
-0.41749442968464334
-0.40870715281307324
-0.6111220076872991
-0.6650387286311481
-0.3206008146561796
-0.4459535770869143
0.26865053926075855
-0.14094442411076136
-0.8309655114216031
0.06827717523053867
0.1047195268535348
0.25040614164331565
0.22016378741884357
0.40229275376042994
-0.5477286397199547
0.2866352018566156
0.4571551652547845
-0.5174862854911679
0.23224747929137535
-0.8521453377034418
0.8536774178800963
-0.9177692885500011
-0.6687277085175987
0.44948393427784605
0.4152886488912044
-0.8670958861257269
-0.9483954763836492
-0.6411820728530471
1.0
0.2896745310006432
0.5381849384532102
-0.5096417862566944
-0.5498764193901364
0.03746696298071295
0.742873426228938
0.03450740826785781
-0.024262745757753224
0.6143523973211076
0.5510640615685152
0.5980570002869852
-0.0259465399514881
0.3876444216363111
0.2896745310006432
0.8578220045852003
0.052683153091354074
0.35622053215650973
1.0
0.04465505655730939
-0.6749698590240822
0.20349348964494918
-0.4861406877885196
0.6954017328303657
0.7662390095110072
-0.37413062924257035
-0.2127673716517594
-0.5595174900561388
-0.039464203119196406
0.6080535409017496
-0.30254585168582293
0.30123766943463015
0.501002784902564
-0.2568205408594819
-0.6246745379456047
-0.6523187663740648
0.18894319914441793
-0.00492254804926362
0.3738336067518646
0.3602615502816986
0.3399848649520212
0.3975079740545733
-0.00804031374461478
-0.5239432068178004
0.7332115579952763
-0.5652030105178515
0.666711139193576
0.15944032050952672
0.42489084543077094
0.23359076821327096
0.3666204299164304
0.8889089017040568
-0.6650387286311481
0.16552687609352712
-0.19926534075086455
0.4131019961570839
0.5793714826734429
-0.5154643203203112
0.4375001487408272
0.7772534968976634
0.8635075252279676
-0.2612541237648395
-0.6246745379456047
0.5341010640905561
0.27728086671421703
-0.07374588455233966
0.3181336780300621
-0.4243011756417284
0.30758075715613264
0.22016378741884357
-0.6986658472283507
-0.6696412208421014
-0.3300774601228652
-0.23379136344165385
-0.16481696535215362
-0.924212965868909
-0.5203457686518183
0.12219389674650172
-0.47002648593996443
-0.7226444285812726
0.8137688354235817
0.4415611431742781
-0.7298576047801096
-0.48808144959795785
0.5719173549041001
0.01543672928816231
-0.26860939029788744
-5.2033076020752134e-5
-0.14325662825332963
0.09373474970180173
0.18894319914441793
-0.6996152518715855
0.7489746556259658
0.265247335390532
-0.4368346270433199
-0.7975851408569251
0.414570836427278
-0.49128180672495814
-0.13183922155989858
0.3666204299164304
0.2605279767784823
0.7251095828213021
0.32193885085412677
0.022440798940805085
0.24862293442788808
0.7502499173994872
0.13991245422994258
0.7844452027577362
-0.27349083882303293
-0.2719947129596365
0.10575058209054466
-0.23067359805207788
0.6392841316675615
0.6025110154885938
-0.6490313217735151
-0.7345494712960987
0.0020097485399903636
-0.8371218521806629
-0.7382384531042647
0.5183943707684424
-0.045286737397617904
-0.027380511249986972
0.20917901033949882
-0.6456985303556226
-0.7530713011960858
0.5071061134014236
0.8849993263806093
0.25158767691213657
0.052683153091354074
-0.6456985303556226
-0.045286737397617904
-0.39958820374133874
-0.00804031374461478
-0.7993683508924125
0.5201055924924674
-0.045286737397617904
-0.11479748116278743
-0.6246745379456047
-0.4511277245072024
0.27300423328306955
0.38336778821250506
-0.9366066297442004
-0.850425591909207
0.8837106648074844
0.4178867758650979
-0.5652030105178515
0.6462882012323103
0.40229275376042994
0.25158767691213657
-0.08933990660534052
-0.06804458027222593
-0.045286737397617904
0.15944032050952672
-0.25001379543050184
-0.2127673716517594
0.5551250558904524
0.8890774566515431
-0.5795205774857418
0.5784723681725978
0.10838308190088641
-0.08803735089320863
-0.8750186805413082
0.7958626092844141
0.09673632230885643
0.20744382531638528
-0.6277923036264474
0.1322060947890238
0.37434068665185505
0.3876444216363111
0.6569001193142752
-0.40870715281307324
0.4415611431742781
0.2627998059133916
0.2896745310006432
0.19598127381576957
-0.4975580943770067
0.5182139874846556
0.6903413703310588
-0.00804031374461478
0.3895102492950526
0.4631214802645154
-0.4341647269817761
0.6176721048763101
0.4856143122842034
-0.47821789610148113
0.3876444216363111
0.2574102111451948
-0.8249680167943159
0.12962905203047947
-0.9703763936193922
-1.0
0.2713807771351968
0.3167165274539476
0.04194256349203207
0.28112791509701984
0.5285462566685115
-0.16871420245870639
0.30079545038809985
0.7055428278202858
0.4345570736217337
0.7226056901445939
0.6497155421155372
-0.5353349758446633
-0.9043423088042506
0.22016378741884357
-1.0
0.7052152027200842
-0.5321346176174441
0.3210984204984084
0.5170382016731396
-0.3926416707076923
0.4654402105534938
0.2995380834189054
-0.08253316117636045
-0.6650387286311481
-0.4341647269817761
-0.310737262507471
0.42489084543077094
0.8406031856379055
-0.13582147296601776
-0.850425591909207
-0.850425591909207
-0.6741576786930795
0.3364390839914537
-0.06631072918751235
-0.9714246528292839
-0.3609078086628883
-0.310737262507471
-0.23915248455803018
0.4832684348128662
0.23575780948468017
-0.8325193600247207
0.07814072764880087
0.6236269317617333
-0.4427950544762955
-0.45163909801622004
0.6874476413611048
0.3244427435102768
-0.6523187663740648
0.7844452027577362
0.12219389674650172
-0.6064301418901197
-0.8609785120479106
0.7123222879567757
0.6130356448467729
0.4438514302800163
0.6008503664398419
0.4986782225422277
0.01543672928816231
0.34690121499671767
1.0
0.9913890055429824
0.46942295122483535
-0.4401310426382209
0.13398274605267146
-0.5177546077186107
0.16469321174424945
-0.39011155804544095
0.3269209548108203
-0.6506806339645685
0.42489084543077094
0.22016378741884357
-0.44097147307717444
0.9448962945757196
0.5705617198446427
0.481418692606977
0.3876444216363111
0.03408755852909606
-0.6619209633380017
-0.924212965868909
-0.8630348954419709
0.3876444216363111
-0.6172393833384282
0.15065304372702193
0.36416737855588277
0.5551250558904524
0.3988847497311565
0.3119537124785785
-0.7152092739740961
0.5110718868807693
-0.7368616745501092
1.0
-0.09377348924175555
-0.11907411443793281
-0.649692398527175
0.5715887495373368
-0.6923478329665065
0.6661588566805565
-0.2822781154169288
0.38503225048989376
-0.5353349758446633
0.11468168091732212
0.8941966650075843
-0.2897132706475626
-0.19811903949959575
-0.20956701394569643
-0.5874281152042113
-0.2860242911223507
0.8419721608452062
0.5277421846179895
-0.9366066297442004
-0.5012470742634573
-0.30254585168582293
0.8036997334727984
0.5448416537026342
-0.8377722538391269
0.9595970680172088
-0.08933990660534052
0.2417758141970412
0.07814072764880087
-0.30161831278783
0.40070833181390997
-0.5321346176174441
-0.2921416677153893
0.3602615502816986
-0.17240318248959585
-0.7402890169115476
0.49440158911211407
0.6276373720884749
-0.06631072918751235
0.27586371609678095
-0.6790788954803296
-0.3802480063459883
-0.3004538603985816
-0.3802480063459883
-0.045286737397617904
-0.9133760178774322
0.5591189234390284
0.11907613116139215
-0.35254275517195877
-0.1544969560602606
-0.671156104854391
-0.526704648116764
-1.0
0.18789946758959086
-0.27758624974726176
0.5730312820799963
-1.0
0.5763167835689194
0.5835842029687701
-0.310737262507471
-0.9618224609263538
-0.2127673716517594
-0.415327388840684
-0.2795166739679352
0.8022818269214085
0.5469336449997562
0.5948245310141613
0.6530949465872433
0.8250091635391457
0.7062433892689917
0.5513198830591839
0.6090417773697414
-0.3361948370795874
0.0032000143109371937
-0.27103778746044416
0.40211721910392284
0.239503985006027
-0.03222282726055348
0.6697652442592659
0.21236880557862592
0.04789837347282466
0.17611061828446894
-0.045286737397617904
0.5427313915075163
0.6993750759357389
-0.19289671620847615
0.3857640737719339
0.7038828917644895
0.9235640992128742
0.13525780699358791
0.09167836732544399
0.14522307416633007
0.8744923023084494
-0.2127673716517594
-0.08933990660534052
-0.6829449545744526
0.9017552910524793
-0.224556221085764
0.9846768105928276
0.4614317986785561
-0.3802480063459883
0.35271020191433133
0.4415611431742781
-0.5536949553763995
-1.0
-0.14325662825332963
0.8643089305723715
0.9025714954300286
-0.47821789610148113
-0.68863047628308
-0.18730979724100838
0.39676337103403614
-0.6056392289600476
-0.1393905698053668
0.024224006165844525
-0.045286737397617904
0.08677105512500116
-0.3361948370795874
-0.3920368548778136
-0.3802480063459883
0.26444828587294333
-0.10601020428597807
-0.2784729428327729
0.12219389674650172
-0.6016453612359176
-0.667679449288846
-0.01682759052711935
0.4355524343725896
0.6348707946669427
-0.1496155077274962
-0.11779905352351516
0.12219389674650172
-0.4975580943770067
0.0648147529347527
0.22016378741884357
0.4273438967600198
-0.9315196302708207
0.912504569767403
0.6497155421155372
-0.01913979448075631
-0.9406004997054422
-0.6456985303556226
0.17611061828446894
-0.3802480063459883
-0.5280736236880423
-0.5001988150347046
-0.6266632221335506
-0.045286737397617904
0.4161035686494303
0.3530678977357422
-0.24734389562003378
0.31568062671424
0.37163701452949605
0.18894319914441793
0.2896745310006432
0.22016378741884357
-0.8710897516127454
0.5473300740869089
-0.3920368548778136
0.06392348118786662
0.08992957695392279
-0.47821789610148113
-0.897338239034251
0.03948951217782026
0.01298367802098932
0.9140290131902542
0.7314497326404155
0.3744787966917962
-0.7152092739740961
0.3225672607887238
0.10838308190088641
0.16742860117812075
-0.03761550649942469
0.635981709190546
0.02074734926397781
0.9768957756867755
0.9863724208960638
0.26320173034207484
0.6090417773697414
0.6530949465872433
-0.0361677881099145
0.018913386260241083
0.884186234848668
-0.3625170595056355
-0.5761877880574117
0.10947393464206123
-0.21033897472965046
0.2574102111451948
-0.09920345902360261
0.46894401453475854
-0.5115982627420452
-0.045286737397617904
-0.05320952864456885
0.6856946217387971
-0.7921551746202278
-0.22698461815403537
0.03601285546939481
-0.36357770796330624
0.26865053926075855
0.5697733880490878
-0.39011155804544095
0.46654679666296595
0.6693173785335436
0.8460331552790301
0.2798109786273064
-0.3168546394077717
0.8744923023084494
0.8205755807802617
0.9047346565573708
0.9251657069159802
0.43855957063604856
0.14093378726765593
0.10699243928741997
-0.3206008146561796
0.5574823769277513
-0.4389495076359782
-0.2822781154169288
-0.3948963381421988
0.7995515890470453
0.25270005263619577
-0.5917818088396598
0.22379729166813545
0.052683153091354074
-0.2197714414735339
0.5551250558904524
-0.3751610077161097
0.6357044590687684
0.12962905203047947
0.4571551652547845
0.14321788849638817
0.8780456528331015
0.6557648463982491
0.5341010640905561
-0.3479836860661698
0.47649536288710514
0.49316566071742085
-0.1544969560602606
-0.7933724217228173
-0.11099230828982398
0.6227407036684127
-0.9703763936193922
0.44570167131891547
0.6997442486697609
0.6497155421155372
-0.27758624974726176
0.7472487373074355
0.1114533072255286
0.3181336780300621
-0.9968822261984943
-0.6215160183948804
0.6682691188370706
0.2524281072035637
0.6707714861164755
-0.5455615991706968
0.8849993263806093
0.21272863211486182
0.5061904383247278
0.6919795018559902
0.6494059668027279
-0.09377348924175555
0.09481102535081432
0.44215700902420974
0.49373687468890437
0.5732229707377261
-0.6536213206783896
0.1814212382058582
-0.3361948370795874
0.2277151357091265
0.27323121634468617
0.568523393165163
0.5427313915075163
0.7419458878023042
0.8102921786562243
-0.2127673716517594
-0.3903875423011597
0.6652487860791829
0.4069846192601685
0.337838040729197
0.8251464106209523
0.4386144788293247
-0.3300774601228652
0.3181336780300621
-0.47821789610148113
-0.6741576786930795
-0.045286737397617904
-0.022257560187831205
0.4993132385801795
0.2314041155120219
-0.8650739182593341
-0.23441977323172214
-0.46440708113721496
0.058800530044408994
0.5744652535481627
0.07640865224837423
-0.10868010435276099
-0.6623688299789324
0.36416737855588277
0.9512754369749281
0.3729148851973987
0.17068064865509647
-0.49425567174324114
0.08230675290450185
-0.4975580943770067
0.399113451595976
0.27586371609678095
-0.2127673716517594
-0.3977223762637101
0.4795734106234524
0.10980023240216963
0.3181336780300621
-1.0
-0.44097147307717444
-0.15046980483224215
0.5923714797477819
-0.7983509883302939
0.6090417773697414
-0.3002627779550696
-0.21704400522291611
0.22016378741884357
0.49792900181863087
0.5266659088044943
0.1326253071462571
-0.5321346176174441
0.239503985006027
0.10116990506662904
0.11095356871428774
-0.3592240138626226
0.36346190806991086
0.6154986986018249
0.08992957695392279
-0.5306657771864178
0.6232996293396593
-0.43635138012797847
-0.29692644750653086
-0.045286737397617904
-0.21640087599967783
-0.5734880562784055
-0.2568205408594819
0.627139692185634
0.5493025215665401
-0.03222282726055348
0.2407399134349184
-0.2542904288523432
-0.310737262507471
-0.46154759942047097
0.3964316984057179
-0.158207178627918
-0.4669775691518635
-0.3610475962495593
0.3988847497311565
0.3181336780300621
0.1804643122751306
0.1917046403374696
0.6195488014908004
0.3631270175373478
-0.01302241775042523
0.3808376763173529
-0.7269981243102802
-0.36465398418846673
0.5334345161520637
0.8630388083379239
-0.2478467540776914
0.2089884555573014
0.03601285546939481
0.05661207685243741
0.018106629269775576
-0.6456985303556226
0.33747387564169506
-0.12944581325238957
-0.7036091207142714
-0.14325662825332963
0.6555233436550703
0.2991798572547373
0.3181336780300621
0.3435912525386102
-0.24503169155436
0.24862293442788808
0.8171961763076943
0.38551556662628483
0.03601285546939481
-0.8710897516127454
-0.1853845005364706
0.3387098040705865
0.2959508184354689
0.7765224116972305
-1.0
0.14153409440421205
-0.6016453612359176
-0.8398418473036953
0.624635799508926
-0.5036754706002496
0.4856143122842034
0.837769907459122
-0.4497587490842868
0.2574102111451948
-0.3200316190070095
-0.025416081954334757
0.45903551311826885
-0.2127673716517594
-0.7866003653417676
-0.310737262507471
0.3435912525386102
-0.0037636803128465735
-0.5154643203203112
-0.3690076780961121
0.5469336449997562
-0.17690561353277245
-0.6914238410719418
-0.3592240138626226
0.7791923115810466
0.20709987723137901
-0.024262745757753224
0.37852547226413225
0.6392841316675615
-0.40870715281307324
0.09896328259820919
-0.14325662825332963
-0.38872689285919493
0.8752233875333313
0.49266951377858237
-0.439475347213778
-0.5183238032766352
0.656232957971361
-0.001233568387934758
0.5041348511809549
0.31165544870278317
-0.29170195240502517
-0.01302241775042523
0.052683153091354074
-0.17513342028179657
0.1994996221513412
0.5540629729838351
0.08992957695392279
0.026536210143380146
0.707011668005409
0.3738336067518646
0.28411972362070026
-0.6428048013919812
0.968249472631344
-0.4459535770869143
0.12219389674650172
0.28088725423502003
0.052683153091354074
-0.33376644000931577
0.46894401453475854
-0.1384718483162113
0.7089152956803535
0.06035438406518723
0.6874476413611048
0.707011668005409
0.2574102111451948
0.5217446902631764
-0.40870715281307324
-0.27758624974726176
0.7239443277760236
0.788311260931799
-0.1717157751880075
-0.528891301782403
-0.18730979724100838
0.018106629269775576
0.32475391354960625
0.6690758758101532
-0.6016453612359176
-0.30161831278783
0.699494869455261
-0.5036754706002496
-0.5036754706002496
0.1065998746073169
0.4571551652547845
-0.310737262507471
-0.3263312846539904
0.6090417773697414
-0.1740248226988581
0.10754556462022546
0.27728086671421703
0.6322266902487677
0.405888819276111
1.0
-0.8355974087979017
0.4856143122842034
-0.3948963381421988
-0.6134342101858259
0.02683617732618826
0.2727708933684099
-0.22943766942041455
0.18173002222221868
0.25158767691213657
0.4972610718086383
-0.7201913793800662
0.2910131686503088
0.5669139052315499
0.7925033409674744
-1.0
-0.33271818005756215
-0.270373072939073
0.08292550738917415
-0.27349083882303293
0.6530949465872433
0.4990632798377339
0.08160314999366691
0.4333697322464023
1.0
-0.4471409178490915
-0.6569388602058172
0.5531997590551458
-0.6016453612359176
-0.3802480063459883
0.5110718868807693
-0.6076116768923624
0.1814212382058582
-0.1805030518120283
0.7495687117355181
0.21049755923307578
-0.4497587490842868
-0.4571939049017041
0.15740129167998695
0.06147042996816343
0.5835842029687701
-0.32800342590097953
-0.630104509078276
0.05177649731928691
0.5957042701519373
0.2045697652821039
0.7482954833174833
0.5251510231244909
0.5923714797477819
0.19789324011873188
0.587137553396339
0.11498071994421144
0.7465483789776306
-0.9905233468592879
-0.3802480063459883
-0.11813027169642987
-0.5400574086223469
0.08992957695392279
0.4571551652547845
1.0
-0.47821789610148113
-0.5917818088396598
0.41123616850444344
-0.7090918960345118
-0.3614106667140996
0.5744652535481627
0.355380101801819
0.9229790541948175
-0.5623769723963402
0.5671268832156924
0.07370714487791474
0.017010829251865367
0.20225756124985295
0.9337196437651485
0.9880562150344032
-0.649692398527175
-0.3361948370795874
0.630524559292519
0.33800433357114246
-0.310737262507471
-0.5477286397199547
0.11271725153176604
-0.10556233877722498
0.12219389674650172
0.2960787901885604
0.2896745310006432
0.6500933739801888
0.1065998746073169
0.052683153091354074
-0.06946925107403967
0.7259384806531732
0.5510640615685152
0.6918119985580808
-0.7877215890547854
-0.39815423230621927
-0.6134342101858259
-0.19174338001189473
-0.05391706490814052
-0.4341647269817761
0.24815147377943014
0.052683153091354074
0.5149586752974555
0.3576703889118671
0.8690623326488487
-0.2127673716517594
-0.3802480063459883
0.6182601398706067
0.19018975469924349
0.47649536288710514
0.15944032050952672
1.0
0.7765224116972305
0.33539984161073444
1.0
0.631639869058882
0.2524281072035637
0.4386387784692696
0.4571551652547845
0.5805826304442316
0.16304670809618949
-0.06946925107403967
-0.36785434159052177
0.2896745310006432
-0.17552094781014715
0.01298367802098932
-0.3479836860661698
0.14789790014891668
-0.14325662825332963
0.6724351441274095
0.5551250558904524
0.6104589280001842
0.20505740116631577
0.2896745310006432
-0.5426416419702512
-0.3664371909171853
0.3181336780300621
-0.25526668690422283
-0.015044383311212384
-0.01682759052711935
0.5681889661027948
0.32475391354960625
0.9316093816089703
-0.26320743625833853
1.0
0.4571551652547845
-0.7262779323540769
0.09373474970180173
0.423098821296771
-0.4032771836277893
-0.5707578169137382
-0.38621432112225806
0.3265534665589618
-0.7481020022732139
-0.045286737397617904
0.19598127381576957
-0.3219775903144021
0.0032000143109371937
-0.14325662825332963
0.6661588566805565
-0.7028156117711373
-0.20664999498842895
0.3435912525386102
0.09373474970180173
0.07603046551006187
-0.13251603860994077
-0.537445237849446
0.6008503664398419
0.7617208276780423
0.15065304372702193
-0.5125705909165823
-0.8028957644262575
0.5551250558904524
-0.024464182495852138
-0.010710213526388457
-0.152733273472466
0.3876444216363111
0.38596062749797166
0.9020881516367332
-0.00492254804926362
-0.08933990660534052
0.4279397626073038
0.9979197674526652
0.5110718868807693
0.3181336780300621
-0.8028957644262575
-0.5134252909890054
-0.13644988275650272
0.6020377078456731
0.239503985006027
0.5158566664899791
-0.4571939049017041
0.4069846192601685
0.12382099705830507
-0.3948963381421988
0.12219389674650172
0.3666204299164304
0.6054717215466592
0.22016378741884357
0.12219389674650172
-0.2666840932777441
-0.4104903598706351
-0.3062208043447642
0.5954892452557332
0.44275140902801646
0.17611061828446894
0.8929458072644527
-0.7893937301122924
0.4778193304684353
0.1814212382058582
0.47180349738753247
0.6920091835063498
0.32580490900236714
-0.5344249060111795
0.4087030076245688
0.4986782225422277
0.05989633005818695
-0.6456985303556226
0.25305651718625355
-0.5761877880574117
0.7442580918679778
0.6472724122022078
0.2896745310006432
-0.7921551746202278
-0.4259733161821324
-0.4032771836277893
-0.2822781154169288
-0.14794849357417894
0.7462442587267781
-0.7351296002176861
-0.4389495076359782
0.45617890745101075
-0.012394007767568604
0.06755698550383848
0.08677105512500116
-0.339196409442149
0.7528480443895602
-1.0
0.45103778838551545
-1.0
0.22016378741884357
0.4609013407761313
-0.7828249246169567
-0.6246745379456047
-0.19174338001189473
0.9070919774661743
0.4856143122842034
-0.6283080429469866
-0.4723953624779519
0.17611061828446894
0.2896745310006432
-0.3834065276702986
-0.36357770796330624
0.3109633156416336
0.2314041155120219
-0.7246331127692186
-0.4928662283102737
-0.3396221774213384
0.5873893757760258
-0.7513746062027566
-0.298948413196062
0.04293333267843691
-0.17240318248959585
0.4069846192601685
-0.6134342101858259
-0.09176830373962486
0.7388281222091713
0.5865489454526207
0.5835842029687701
0.2896745310006432
-0.995308129669919
-0.9177692885500011
0.6485784883419627
0.04089430380404524
-0.9284152200081017
0.7461974369960953
-0.6719100025587594
-0.2127673716517594
0.22016378741884357
0.5466884664374765
-0.1525509847528681
0.1836228341452959
1.0
-0.2666840932777441
0.8171961763076943
-0.5036754706002496
0.8962980670385261
-0.4436413722889301
-0.6650387286311481
0.7305284812417729
-0.310737262507471
-0.7820627020309769
-0.045286737397617904
-1.0
-0.7921551746202278
-0.7436684223115532
0.3133488983127575
-1.0
-0.12860829608822222
0.45583841279140236
0.024224006165844525
0.2938049474932678
0.2896745310006432
0.05737501861714622
1.0
0.3738336067518646
-0.01302241775042523
0.515065754355396
0.3666204299164304
-0.1544969560602606
0.6676078774771108
0.5035205384615229
0.11095356871428774
0.6584055665125661
0.17035740642998642
-0.47551816433714456
-0.5496089886518879
-0.33838148986238414
0.3876444216363111
0.5823023777354668
0.08992957695392279
0.18661764234684952
-0.6191197310876262
0.9087618077725574
0.2981534178319918
-0.137434093969669
0.052683153091354074
0.45334999245145813
0.1917046403374696
0.1917046403374696
-0.3396221774213384
0.3738336067518646
-0.7436684223115532
-0.6650387286311481
0.7510648371414135
-0.46793449465272297
-0.2666840932777441
-0.8206143192169405
-0.2127673716517594
0.6644797430973757
0.7844452027577362
0.5535712017684953
0.0860635187381722
-0.12944581325238957
-0.7094788046804255
-0.32380117247081674
-0.5066770429536427
0.624635799508926
0.12219389674650172
-0.6134342101858259
-0.671156104854391
-0.8230427181062407
0.08810599479655568
-0.6016453612359176
0.43831782627589067
-0.3802480063459883
0.4415611431742781
-0.4032771836277893
0.35373078838423355
-0.8931567693225201
1.0
0.7226056901445939
0.5797181448194946
0.552231326999717
0.3499501321420597
-0.49000674551348145
0.12219389674650172
0.24562136190294237
0.3702539341526849
-0.5154643203203112
0.12219389674650172
-0.5449671982776292
-0.25800207625780347
0.4599702279436264
-0.40190040796720927
0.4922345478513248
-0.32574975974949405
0.5228607359721344
0.12632431329320482
0.5608105766105886
0.5049545099861108
0.3311975881954363
0.17379841419316366
0.5218724996302253
0.721933579907539
1.0
-0.045286737397617904
0.27323121634468617
-0.10560916942549092
-0.841638312947221
-0.25001379543050184
0.523499107565345
-0.9020301093643321
-0.4848381321199233
-0.8080921685837368
-0.5154643203203112
-0.1489421488407815
-0.6456985303556226
0.5744652535481627
-0.9111490526049066
-0.13146777894192063
-0.3403608619136481
0.12219389674650172
0.011830341824407897
0.06270006853003895
-0.850425591909207
0.6661588566805565
0.09287026411817467
0.8031850933229099
0.46294549812191077
-1.0
-0.7519157560469929
0.239503985006027
-0.019829162986866877
-0.9289354020572711
0.8367980128448391
-0.015044383311212384
-0.6523187663740648
0.6231209137601588
-0.8434215220071811
0.037287916305804414
-0.3517888592309968
0.31568062671424
-0.05652706565511478
0.42064427777122804
-0.6810196565171697
0.22016378741884357
0.5823023777354668
-0.45518871873166256
-0.5449671982776292
0.7348734761407887
-0.37771789450938353
0.27939112887022755
-0.8670958861257269
0.7259384806531732
0.46741288330914
-0.25750213100713215
-0.40870715281307324
-0.7874017707337497
0.9913890055429824
0.5304120843268991
-0.2596800234605924
-0.14325662825332963
0.006957842607303366
0.8578220045852003
-0.5477286397199547
0.6402623657070148
-0.17552094781014715
-0.2822781154169288
-0.1544969560602606
-0.39958820374133874
0.08677105512500116
-0.18567720001080457
0.14262494719297725
-0.27349083882303293
0.10398770350498832
0.6357044590687684
-0.9820937738366518
-0.7130422316802054
-0.3263312846539904
1.0
0.20156819278323734
0.47180349738753247
0.22016378741884357
-0.6246745379456047
-0.15632053821667535
-0.13477774131195908
-0.2865547486920742
0.4986782225422277
0.6661588566805565
-0.27349083882303293
-0.20528617085194634
-0.5975843683883977
-0.9872800375962208
0.21526253455940214
-0.20457596105015508
0.12219389674650172
-0.23067359805207788
0.6497155421155372
1.0
0.5189946777969447
0.47609097203282014
0.14804087260492116
-0.1493740051536302
0.16469321174424945
0.9273327481774778
-0.0775510573002186
0.21272863211486182
0.3955672127689811
0.19913979562228112
0.7356696003569363
-0.8230427181062407
-0.8710897516127454
0.6276373720884749
-0.3802480063459883
-0.1331170923389805
0.560738525380621
0.03777653830752481
0.4856143122842034
-0.0031588652232413805
-0.46793449465272297
-0.29406696455020687
-0.34018870407023827
-0.7075380428764884
-0.8230427181062407
0.26865053926075855
0.4749917893867015
0.4155062297350163
-0.6069559814679195
-0.16259682586872382
-0.40870715281307324
0.6428115444020828
-0.1763250201151304
0.6447376708053518
0.393329942320626
-0.22943766942041455
0.3975079740545733
0.007967093401171077
-0.7298576047801096
0.5309425423240524
-0.5975843683883977
1.0
0.8557209176026646
0.8239083712888409
-0.6941852839845597
-0.01302241775042523
0.4503484199358263
0.6283819750302728
-0.7921551746202278
-0.045286737397617904
0.6497155421155372
0.07814072764880087
0.1189935389579031
0.5402968774664509
-0.01682759052711935
-0.6195515880763236
-0.6354151276416127
-0.48733684636652985
0.6978927186825992
-0.49191682243382295
0.17611061828446894
0.5744652535481627
0.10772109932085483
-0.6191197310876262
-0.310737262507471
0.7324692425628563
0.18378184922804608
-0.018412012334891537
-0.03807356071986212
-0.10758430433833566
0.2553711823790574
0.7419458878023042
0.2574102111451948
-0.4975580943770067
0.4856143122842034
0.36002279186551456
0.4827205833317558
-0.08933990660534052
0.981249469709158
0.2981534178319918
0.7867268389976441
-0.1671993169863346
-0.25313156097703216
0.4148217434813253
-0.20457596105015508
0.5341010640905561
0.9229790541948175
0.2574102111451948
-0.015663137796050774
-0.5623769723963402
-0.6456985303556226
-0.9968822261984943
-0.27923878625786036
0.7158773813061345
0.6597151819865235
-0.310737262507471
-0.01682759052711935
0.5075952299238917
-0.4547408532922408
0.16450068308153054
-0.6246745379456047
-0.4571939049017041
-0.339196409442149
0.09916471937668314
-0.2822781154169288
-0.5119876635193776
-0.7041743219780496
-0.3758943120032564
0.10838308190088641
0.6785525210248888
1.0
-0.5301126530242023
-0.12223263639342108
0.6090417773697414
0.8199034705125599
0.8213201837967239
0.6661588566805565
-0.7832051341633961
0.457825411142605
0.3564238333568268
0.3483760322789837
-0.10355715292624701
-0.18730979724100838
0.33003872036592385
-0.33398821477560414
0.09940622211986194
0.03887233832124415
-0.7338847587458155
-1.0
0.32344429798036534
0.32193885085412677
0.4069846192601685
-0.3802480063459883
-0.3802480063459883
0.8758309399762829
0.9399420515181698
0.4571551652547845
-0.19550120812335814
-0.6650387286311481
-0.7201913793800662
0.5458899135134156
-0.7630086192668162
0.37709150078737674
-0.30254585168582293
-0.12391643038403866
0.7765224116972305
0.5491797142306052
0.8460331552790301
-0.2127673716517594
-0.40870715281307324
-0.24122651855893174
0.638334725831565
0.7789266452459693
-0.14080357675166555
-0.152733273472466
-0.4341647269817761
0.05989633005818695
0.7199059583408636
0.5966481131778956
-0.2127673716517594
-0.18461006547080383
-0.4714111509438885
0.33877924610211085
-0.15885065039984902
-0.7326836428796165
-0.8028957644262575
0.23970814511746008
0.4746295352293082
0.4069846192601685
-0.007592448047427203
-0.7368616745501092
-0.25173354275404103
0.42489084543077094
-0.001233568387934758
-0.11099230828982398
-0.6246745379456047
-0.3274075600560824
0.6606462948530771
0.2133570420632116
-0.5012470742634573
0.4877525871234125
0.12219389674650172
-0.39011155804544095
0.40368219682925544
-0.7975851408569251
-0.8325193600247207
-0.1901692802429128
0.47180349738753247
-0.310737262507471
0.4869529499520373
0.49042960685139136
0.24135551499344743
-0.22943766942041455
0.6210131906668879
0.25558662905069696
-0.4243011756417284
0.16716057725469313
-0.640611531744081
-0.25800207625780347
0.6948022381537959
-0.06907217045532044
0.7015816984447172
0.010183838160493064
0.24961522935736857
0.4503484199358263
0.6020377078456731
0.6055651205595594
-0.001233568387934758
0.36106562249624696
0.029653975838892288
0.6276373720884749
-0.3479836860661698
0.6676503644402714
0.6335309198716532
-0.17288022803262437
0.3336002279680783
-0.4848381321199233
-0.14325662825332963
0.7724614172640283
-0.7173570536442779
-0.07828659354142287
-0.3479836860661698
0.15445821659998527
0.15534490930077238
-0.4812959444571433
0.4571551652547845
0.688416073443151
0.12219389674650172
0.6003597603524842
-0.2299109772055179
-0.508460250506303
-0.22943766942041455
0.681305381761778
0.671871261840669
0.297109686284621
-0.8002550409001319
-0.25001379543050184
0.17611061828446894
0.3056115247698583
-0.1341376788515295
0.07814072764880087
0.2574102111451948
-0.3758943120032564
-0.5154643203203112
-0.8670958861257269
0.23716944045815413
0.16371695394129482
0.7683310007698603
0.3975079740545733
-0.14325662825332963
-0.1989565566630438
-0.20694483758814253
0.20635297249772333
0.2637971067332754
0.1388641944910567
-0.15885065039984902
-0.10601020428597807
-0.4341647269817761
-0.11479748116278743
0.7388281222091713
-0.7152092739740961
-0.5154643203203112
-1.0
-0.8788847327651758
-0.34411762772997534
-0.9703763936193922
-0.25313156097703216
-0.8028957644262575
0.3043228631592785
0.7683310007698603
0.5551250558904524
0.5197022143114165
0.6449035356354242
-0.41076353568664525
0.42489084543077094
0.28088725423502003
0.5500380578723267
1.0
0.7015816984447172
-0.23210756948719735
-0.01682759052711935
0.32080357791414693
0.43205058350415504
0.17611061828446894
0.15065304372702193
0.2077701230764415
0.5341010640905561
0.5438847278966588
-0.8080921685837368
-0.14325662825332963
-0.5400574086223469
0.8228025410701756
0.7724614172640283
-0.45790144084153395
0.6607661774869651
-0.3479836860661698
0.09257029698155761
0.7765224116972305
0.9094265220141293
0.5880177857265425
0.09420621038458799
-0.40190040796720927
0.23090437695061605
0.19913979562228112
-0.3066762679179381
0.09373474970180173
0.937885669054833
-0.8710897516127454
-0.01302241775042523
-0.11479748116278743
0.08494747294942218
0.7107413217180625
-0.508460250506303
-0.03404640937778747
0.7569583849530672
0.19290974752855972
-0.01302241775042523
-0.06088075952946781
0.0032000143109371937
-0.48265147872811665
-0.526704648116764
-0.46154759942047097
-0.2852796880747156
-0.955946825159157
-0.42147513699569417
0.021639773200650803
-0.298948413196062
0.20156819278323734
-0.80139031532979
-0.3179504394264513
0.7931116481383915
0.44555501062148983
0.8374247926085412
0.08677105512500116
-0.09476987623471278
-0.1843082245856663
0.3561459454890161
0.5189946777969447
0.8057474023562603
-0.2197714414735339
0.024224006165844525
0.4069846192601685
-0.20152704384197062
0.6014904290971905
-0.1805030518120283
-0.06319296356096626
0.5860126001172794
-0.045286737397617904
-0.9111490526049066
1.0
1.0
-0.9111490526049066
0.07271075801942861
0.8975214796827131
0.19913979562228112
-0.6076116768923624
-0.310737262507471
-0.3714607291757873
-0.045286737397617904
-0.850425591909207
0.2574102111451948
0.6090417773697414
0.6903413703310588
0.4161035686494303
0.12219389674650172
-0.021104223802264954
0.034964595644200624
0.5627819858560041
0.7598521139233363
-0.7660866666280496
-0.4839034173490645
-0.4341647269817761
0.03432317386459083
-0.7515912113140576
0.5907973797270649
-0.8670958861257269
-0.310737262507471
-0.4497587490842868
0.27586371609678095
-0.45918258665916656
0.35802082187136675
-0.5636656345036269
0.4333697322464023
-0.09920345902360261
-0.2127673716517594
-0.7884661956726307
0.6955447688163157
-0.4032771836277893
0.6903413703310588
0.4571551652547845
0.5444035330367061
-0.5036754706002496
-0.5581600503013784
-0.6134342101858259
0.17611061828446894
0.3435912525386102
0.2896745310006432
-0.5239432068178004
-0.15790496015268551
0.24862293442788808
0.6079655017618821
-0.3517888592309968
0.37492445953187037
-0.4527603217347389
0.5681889661027948
-0.3631851437524396
-0.5734880562784055
0.27586371609678095
0.6825463885013192
0.2753731098820482
0.9229790541948175
-0.310737262507471
-1.0
0.624635799508926
0.6903413703310588
-0.3479836860661698
0.7377798624842455
-0.25800207625780347
-0.512305799234996
0.7015816984447172
0.14522307416633007
0.21785158334248989
-0.7609345857539602
-0.6650387286311481
-0.955946825159157
0.5835842029687701
-0.15832019249706786
-0.3300774601228652
0.018106629269775576
-0.7152092739740961
-0.5283884421045604
-0.2612541237648395
0.26865053926075855
-0.25001379543050184
0.26865053926075855
-0.4631115100466271
0.4520681672647493
-0.0749103372725839
-0.8230427181062407
-0.2430097261152595
-0.4459535770869143
-0.9111490526049066
0.01543672928816231
-0.23210756948719735
0.08494747294942218
0.04239975090194137
-0.821101957661074
-0.8230427181062407
-0.36785434159052177
-0.3300774601228652
0.4055506478258548
-0.4854310736805927
-0.7194859066415017
0.22390996293962617
0.5690956218548475
0.44212900119675
-0.769125995490059
0.7130715086806263
0.008629984030327442
0.08810599479655568
-0.3300774601228652
-0.46031167059826417
-0.6290282336746125
0.6903413703310588
-0.5849750649656558
0.7554984199006682
0.15944032050952672
-0.8589044785167179
0.8233235622340811
-0.8434215220071811
0.7598521139233363
-0.18730979724100838
0.1917046403374696
-0.43716630044914073
0.048406519666893244
-0.4259733161821324
-0.2127673716517594
-0.023305819855727106
0.33984507702778965
0.8239083712888409
0.4503484199358263
-0.4475917079534846
0.23993584118346423
-0.4664290468215071
0.2981534178319918
-0.4580709416997544
-0.31764126010131366
0.2289510641515764
-0.7986566437010174
-0.23822494619942658
0.5441402789245413
-0.18973819424193283
-0.27349083882303293
0.8067647659217028
-0.6016453612359176
-0.9353954863436025
-0.8230427181062407
0.018106629269775576
-0.08633833408039471
-0.19174338001189473
0.087114514176166
-0.09281656347420064
-0.25001379543050184
-0.08253316117636045
0.17611061828446894
1.0
-0.41749442968464334
0.35567494441185765
-0.12944581325238957
0.10736571836149511
-0.47002648593996443
0.5341010640905561
-0.6513840516032059
0.624635799508926
0.4178867758650979
-0.37760728631425344
-0.3361948370795874
0.2784342029107987
-0.537445237849446
0.4856143122842034
-0.35479043149514977
-0.45887769889232155
-0.5154643203203112
0.7315470144417555
0.2702144507636053
-0.4436413722889301
-0.4341647269817761
0.8399157783815507
0.22364044422082507
-0.06831591487745836
-0.9304892535209576
0.6751731166267023
0.10838308190088641
0.16624706586620674
0.9440030459146982
0.08494747294942218
0.6155851729502073
-0.586694810745221
0.42856114607248497
1.0
0.20988038523261987
0.24562136190294237
0.052683153091354074
0.008629984030327442
-0.8151843486013721
0.4856143122842034
-0.7921551746202278
0.3435912525386102
-0.1283500131216363
0.4465432470953272
0.5478931042064443
-0.526704648116764
-0.6290282336746125
0.10116990506662904
0.47880756695302074
0.24562136190294237
0.15471403817108165
0.3955672127689811
-0.5477286397199547
0.44256581606047507
-0.7101222779480688
-0.2705708819015361
0.707011668005409
-0.13582147296601776
0.12219389674650172
-0.3746931983777889
0.22737696424113785
-0.310737262507471
-0.24503169155436
0.06392348118786662
0.5781542332102609
0.7743935566875291
-0.001233568387934758
0.4316975907560161
0.7215968223513674
0.12219389674650172
-0.6593974566879645
-0.12658633029606559
-0.40570558094255404
-0.9267430773479426
0.43664146615738275
0.19913979562228112
0.5368313019656688
-0.009424979278631063
0.018106629269775576
0.3181336780300621
-0.09920345902360261
0.5733008007836093
-0.856812483411717
-0.6804667420176502
0.005770501251086468
-0.3664371909171853
0.20560375177661006
-0.8131791646097641
0.6090417773697414
-0.789948551144011
-0.8750186805413082
0.6973454398420951
-0.23474828966289463
0.8999498768169976
0.8766305771476584
0.3311975881954363
-0.310737262507471
0.27586371609678095
-0.1843082245856663
-0.2666840932777441
-0.15632053821667535
0.6559544294220403
-0.46031167059826417
-0.5707578169137382
-0.4975580943770067
-0.36234177955394353
-0.1341376788515295
0.5217446902631764
0.47180349738753247
-0.05515028999558258
0.8205755807802617
-0.1843082245856663
0.6582847849187352
0.5972529280824324
1.0
-0.14325662825332963
1.0
0.3063448287451982
0.5110718868807693
-0.9199363355276804
0.6864753121575591
-0.5053952184377482
0.6530949465872433
0.5144992276701343
-0.7013984602567447
-0.4217710631064846
-0.7298576047801096
0.36973819550399445
-0.47002648593996443
0.5123402544764968
0.533286144370831
0.6675677439822181
0.22808657847934866
0.09801138318010172
-0.47583735103144165
0.7340747201042586
0.4431666207156808
0.6508472700907821
0.3876444216363111
0.32011420944426106
-0.6064301418901197
0.021795608931873822
0.031659161448155615
-1.0
-0.001233568387934758
-0.9043423088042506
-0.7921551746202278
0.44988331203643783
0.14522307416633007
-0.9144818439861253
-0.6246745379456047
0.39163828911274146
0.9730580587810653
0.3435912525386102
-0.9806597988639055
0.475330910122429
0.08292550738917415
-0.9273714854039159
0.851999470288761
0.0383817320677986
-0.6914238410719418
-0.6209855590346816
-0.1812688954290429
-0.224556221085764
0.5121201464147254
-0.3969183041460783
-0.4182776506885594
-0.8131791646097641
0.5398134691689005
-0.05384067426316208
0.7841563521939383
0.42489084543077094
-0.137826658415249
-0.35792844284381375
-0.7502886583666692
-0.4975580943770067
-0.9151429207324503
0.14321788849638817
-0.3300774601228652
0.4571551652547845
0.5251510231244909
0.5608105766105886
0.3414809903554765
0.5360897460872465
-0.07374588455233966
0.4497525540624283
0.26067544304757173
0.2896745310006432
-0.05440568699407211
0.545856169397771
0.06827717523053867
0.5835842029687701
-1.0
0.1779621482449103
0.5633723917072626
-0.43839148508663917
0.5790677447234891
0.9140290131902542
0.10199738353410281
-0.6650387286311481
0.5384547581925254
0.4571551652547845
0.24780801466977187
0.6235547082653097
0.34905190257815555
-0.7250728256368748
0.29410811373552215
-0.9273714854039159
0.17611061828446894
-0.4341647269817761
0.5661098329051675
-0.2542904288523432
-0.7739107738998146
0.10335655770813634
0.2845875329825176
0.355380101801819
-0.22124625860505343
0.3435912525386102
-0.045286737397617904
0.002760299160641244
0.5630478469876317
-0.3699646035953045
-0.19609707411991317
-0.0358100922038711
-0.2897132706475626
0.5118257829086748
0.46048795577240664
0.30901472860757395
0.7977141392718345
-0.9650657800620515
0.4856143122842034
0.3203606383198636
0.5531030902379033
0.3360399042073814
-0.8796505802354011
0.1807425201255206
-0.4341647269817761
-0.08253316117636045
0.04789837347282466
0.7977141392718345
-0.25540339040438764
-0.2127673716517594
0.9399420515181698
-0.6623688299789324
0.29465663495088146
0.8140824285871868
-0.4870051736454072
0.6185184226396572
0.8558967076972923
0.6733185948002176
-0.2127673716517594
1.0
-0.1544969560602606
0.623471346733538
-0.5536949553763995
-0.995308129669919
0.4778193304684353
-0.2127673716517594
0.4856143122842034
-0.2838625372247007
-1.0
0.2939511644244146
0.3519720977601484
1.0
0.7391417152985054
-0.310737262507471
0.02580842799978811
-0.045286737397617904
0.4856143122842034
-0.47821789610148113
0.2542516893154456
-0.15885065039984902
-0.23210756948719735
0.707011668005409
0.4115871104361337
-0.1805030518120283
0.04881709502331333
0.1515175293883151
-0.22741570388805743
0.37736101948676115
0.3365871829860658
-0.671156104854391
-0.389366955273848
-0.24503169155436
-0.045286737397617904
0.14321788849638817
-0.4317363302819115
0.2314041155120219
-0.33376644000931577
-0.24819021363806937
0.40070833181390997
0.460156737780002
0.4692520113767551
-0.09920345902360261
-0.7075380428764884
0.7569583849530672
-0.769125995490059
0.5865489454526207
0.16910654873192432
-0.32574975974949405
-0.24734389562003378
-0.3479836860661698
0.7870294357449419
-0.4401310426382209
0.5218124764093526
-0.12190456628819557
0.1917046403374696
-0.14673328499016358
-0.7226444285812726
0.7388281222091713
-0.30126061688209993
0.2801978857859073
0.7094350832362837
0.16563613387341225
0.6108249846341873
0.31568062671424
0.7105650185307755
0.631639869058882
0.20349348964494918
-0.4140177733898104
-0.9596358088743692
-0.2542904288523432
-0.5917818088396598
0.7292259256644684
-1.0
-0.11479748116278743
-0.09052144200366197
0.8440111896634634
0.07814072764880087
0.22016378741884357
0.3311975881954363
-0.3479836860661698
0.5413142409671747
-0.8710897516127454
0.3808376763173529
0.4878412725740049
-0.5344249060111795
0.7598521139233363
-0.856812483411717
0.724610875805443
1.0
0.03981802824772629
0.31107111111034236
-0.10129545025391984
-0.15204390479483398
-0.3479836860661698
0.12219389674650172
-0.3802480063459883
0.6090417773697414
-0.30565026452855526
-0.884570253611965
-0.841638312947221
-0.525603855568199
0.6036118077090296
0.3411628554043258
-0.018412012334891537
0.6208306266776575
0.7465483789776306
0.49583556048882804
0.6518043181786632
-0.4571939049017041
0.5413142409671747
0.7995515890470453
0.9486298501700252
0.4333697322464023
-0.3137020046512181
-0.8002550409001319
0.17893665614141585
-0.15046980483224215
0.5266659088044943
0.30410410034503954
0.1710590723466936
0.23807001357171353
-0.29406696455020687
0.8530686024509535
-0.35803374821512357
0.10589849973451693
0.01953214067996245
-0.48808144959795785
-0.6150723422076261
-0.6327744091489883
0.20792707239525998
-0.7535319758630407
-0.740968690532547
-0.310737262507471
0.23072380492926592
0.36346190806991086
0.4218371115137951
0.09673632230885643
0.17611061828446894
0.013414763770700722
-0.4958624841266953
0.651298481130226
0.16371695394129482
0.453094170848932
0.052683153091354074
-0.5321346176174441
0.0032000143109371937
0.5296674814528071
0.8067647659217028
-0.19044780858967225
0.03334295556153255
0.6661588566805565
0.30681813641822653
0.13778791888339414
-0.34097961625216144
-0.39011155804544095
-0.32380117247081674
-0.41749442968464334
-0.07374588455233966
-0.6650387286311481
-0.8028957644262575
0.027225578690383
0.06392348118786662
0.3876444216363111
0.5987583751803287
-0.8007855024068052
-0.6858044375307766
-0.2431365955806506
1.0
-1.0
-0.8206143192169405
-0.4839034173490645
0.2622916596049558
0.11381305154567367
0.9544182503406629
-0.37666833323717264
0.17068064865509647
-0.6771224205108359
-0.5530006351866548
-0.6157244975767906
-0.07374588455233966
0.6984231765781939
0.4986782225422277
0.4571551652547845
-0.17240318248959585
0.01543672928816231
-0.07925463771195129
-0.5012470742634573
0.5574823769277513
-0.39739161098721254
0.46258513490216036
-0.11324362714884983
0.7026254299786656
-0.6650387286311481
-0.2127673716517594
-0.6354151276416127
-0.5761877880574117
0.4415611431742781
-0.5154643203203112
0.3311975881954363
0.1533229436116441
-0.8460718949259498
0.44792002279201637
-0.5477286397199547
0.6550050235254694
0.7603908510050148
-0.8386367391085325
0.851999470288761
-0.6456985303556226
0.842993826135003
-0.7354770095535199
-0.6172393833384282
0.4199087414897946
-0.2542904288523432
0.04194256349203207
0.7065230460992895
-0.023305819855727106
-0.3592240138626226
0.24214470510105213
-0.40870715281307324
0.07814072764880087
0.5469336449997562
0.2535441529923137
-0.8516552306588937
0.2557608977485655
0.96930955854808
0.7995515890470453
0.5943700309842228
-0.08253316117636045
-0.3004538603985816
0.007161143707810513
0.6765305554093219
-0.785191476541546
-0.08933990660534052
0.49059641628209305
0.7895863218381558
0.018106629269775576
-0.6246745379456047
-0.11667782891656953
-0.48320000105819516
-0.4527603217347389
0.4611490327312151
0.15677042063240076
0.06862014689724338
-0.4497587490842868
0.15445821659998527
-0.2542904288523432
-0.6318877166382711
0.6978927186825992
0.24562136190294237
0.44861634453539945
-0.6172393833384282
-0.30126061688209993
-0.5036754706002496
0.3139209577338751
-0.7715302288427189
-1.0
-0.05993506963391593
0.6755475549263399
-0.03542318519499865
0.17611061828446894
-0.2921416677153893
0.14522307416633007
0.43994492657282613
-0.6541774177490041
0.10492773312479953
-0.38377541838698737
0.6555233436550703
-0.8230427181062407
0.520548532074516
0.6193451147318911
0.4637754007657384
-0.045286737397617904
-0.8340632855009755
-0.09377348924175555
-0.045286737397617904
0.43503038126459526
0.018106629269775576
0.6508472700907821
-0.5575921932164314
0.0008766936917903312
0.216297729202924
1.0
-0.6172393833384282
-0.5188916619225987
0.6661588566805565
-0.637507118917852
0.3511034683994376
0.2550980071423905
-0.3802480063459883
-0.07843775012397414
0.7031456098876809
0.5525949439655404
-0.32380117247081674
-0.526704648116764
0.10754556462022546
0.18558726352391708
0.3591852746328694
-0.4571939049017041
0.6750758641780332
-0.9043423088042506
0.46061522650054143
0.6785525210248888
0.6640300016663796
0.6132995700586517
-0.14325662825332963
0.5061904383247278
0.013940604037820936
-0.16259682586872382
0.8578220045852003
-0.1709008552381691
0.06903739659124519
-0.5670688370419572
-0.7948854120485098
-0.5096417862566944
-0.8710897516127454
0.1723644427289519
0.8500270227554607
-1.0
-0.19647197472465527
-0.12107376851758367
0.5469336449997562
-0.13729031324091545
-0.1544969560602606
0.3492106565193571
0.38562245602074396
0.3181336780300621
-0.11010561549312037
-0.7993683508924125
0.8102921786562243
-0.8131791646097641
-0.4341647269817761
-0.012286881308738229
0.6679687789249202
0.06827717523053867
-0.6741576786930795
-0.47821789610148113
-0.8371218521806629
0.30146338030681274
-0.40870715281307324
0.21197237649147316
-0.7470012137477826
0.9640855589777673
0.5870018480305579
-0.25001379543050184
-0.7298576047801096
-0.18730979724100838
0.22016378741884357
0.3043228631592785
-0.298948413196062
-0.33271818005756215
-0.7650650004787755
-0.9905233468592879
-0.899695558953884
-0.15885065039984902
0.8614923052267562
0.4119486599163884
-0.1235212979200041
-0.19811903949959575
0.239503985006027
-0.38914312669532747
-0.4741569028212086
-1.0
0.024224006165844525
0.4069846192601685
0.239503985006027
-0.40870715281307324
0.1368422289051372
-1.0
-0.2761607386069025
-1.0
-0.0830636192139591
0.09287026411817467
0.011391425304619451
0.6036118077090296
0.8137688354235817
0.14321788849638817
-0.4975580943770067
-0.4741569028212086
0.3435912525386102
-0.6212713343275724
1.0
-0.32454807735955793
-0.7436684223115532
-0.8028957644262575
0.7419458878023042
0.7123222879567757
0.16333590434654655
-0.6095681533777131
0.45916035087926277
-0.022257560187831205
-0.8309655114216031
0.2860948584374934
0.12219389674650172
0.81491669259919
0.47180349738753247
-0.7809148467504271
0.8399157783815507
0.008629984030327442
-0.46440708113721496
-0.15885065039984902
0.057993773042720465
0.8649082449828798
0.4055506478258548
0.460156737780002
0.7372540223032293
0.4069846192601685
-0.29692644750653086
0.4415611431742781
-0.2706779610110427
0.14153409440421205
-0.5791525288727464
-0.8750186805413082
0.49365576938387234
0.15065304372702193
0.024224006165844525
-1.0
0.6049807829352958
-0.2822781154169288
0.5657309236533874
0.863881845221391
-0.5814984076439519
-0.4116718956210266
-0.40870715281307324
-0.2127673716517594
0.6022350320120136
0.8330859432265054
0.45542308989298386
-0.6612925524581332
0.3435912525386102
0.09673632230885643
-0.05800669949611126
0.08992957695392279
0.44555501062148983
-0.6779628501953535
-0.045286737397617904
-0.5955279850126747
0.6185184226396572
0.7958626092844141
-0.5012470742634573
-0.1642806199432042
0.13186012496828292
0.08842412975218927
0.5185841026962403
-0.08933990660534052
0.35993917066107484
-0.4140177733898104
-0.47821789610148113
-0.24122651855893174
-0.7041743219780496
-0.69308449142866
-0.4341647269817761
-0.2865547486920742
-0.07074431194528497
0.5413142409671747
-0.537445237849446
-0.08455512686496724
0.624635799508926
0.08930116698042534
0.3691037352207509
-0.9596358088743692
0.5207596490415329
-0.045286737397617904
-0.8249680167943159
-0.12658633029606559
-0.2127673716517594
-0.7623192524717808
0.3876444216363111
-0.10868010435276099
0.02683617732618826
0.7015816984447172
0.028500639480559364
0.4352848557306921
-0.22943766942041455
-0.045286737397617904
0.3683042240300851
0.5744652535481627
-0.04093304349497362
-0.2127673716517594
0.8137688354235817
0.6476649768287344
0.46048795577240664
0.05919630971690992
0.1804643122751306
0.6960268910249992
-0.16871420245870639
-0.41749442968464334
0.5812528762770415
-0.6016453612359176
-0.20353222941289284
-0.8191454802662088
0.8067647659217028
-0.6853980048025301
0.45280147124011805
0.7427892515709158
-0.14325662825332963
0.4571551652547845
-0.3802480063459883
0.3099422671018488
-0.8807948152526246
0.3876444216363111
0.2936683984770736
-0.5849750649656558
0.51360199871279
-0.10398823884713948
0.5566230364221942
-0.42035391264096733
0.954252886925903
-0.7298576047801096
-0.2357965488895517
0.5000871097280766
0.2612153840178306
-0.1734989823720945
-0.4848381321199233
-0.6555620838520994
0.44031886031836676
-0.08704961947054002
0.4438514302800163
0.008629984030327442
0.8391401004086447
-0.4664290468215071
0.2924678971540291
0.42079543415860954
0.22274802037035712
0.3908029434832063
-0.16259682586872382
-0.4497587490842868
0.045876407733626445
0.384750692671344
-0.10708170699741537
0.17611061828446894
0.316549256074951
-0.12022745082349928
0.2574102111451948
-0.1714599534107949
-0.23210756948719735
0.006519721935983158
-0.6056392289600476
0.3929550415868801
-0.6728758526918895
0.7308530259614041
-0.022257560187831205
-0.8431252333094492
0.15944032050952672
-0.14325662825332963
0.48955927314933634
0.06147042996816343
0.04169837600859805
0.7979189917702558
-0.24365491595793554
0.024224006165844525
0.8853944589024261
0.8479332186420969
0.4512759584227579
0.23322769755976847
0.8159554882187878
-0.09773461886263024
0.333727700120348
-0.5791525288727464
-0.8325193600247207
0.4275315654898404
0.6090417773697414
0.42489084543077094
0.37492445953187037
-0.20745675199059566
-0.057680401736159514
0.5219740434003197
-0.6050727030551053
-0.010710213526388457
0.30901472860757395
0.5904461828074832
-0.4259733161821324
-0.1493740051536302
-0.6996152518715855
0.7015816984447172
-0.019829162986866877
0.9846768105928276
1.0
-0.01151697057575296
0.16624706586620674
-0.3802480063459883
0.8010115540595164
-0.34300158244150647
0.5379466119434957
-0.6134342101858259
0.5627478799753209
-0.9781296852944561
-0.24591838437811564
0.29995793315766717
0.947203403730783
-0.6456985303556226
0.4400923028812793
0.26664535363082464
0.14522307416633007
0.38494468985112396
-0.9111490526049066
0.2612153840178306
0.07058937931757203
-0.2548952437620089
-0.7028156117711373
0.7082475964944068
0.3666204299164304
-0.23655280470946183
0.6208306266776575
0.8073562557666563
0.18944011129694927
-0.5303381523113186
0.4909249321388356
0.4856143122842034
0.3754433627601683
0.4513326309778325
0.043564203717764816
0.256361951477448
0.30901472860757395
0.28088725423502003
-0.9582590283948305
-0.24591838437811564
0.3815270447764456
0.6998860880953719
0.31069852275052967
0.5341010640905561
-0.19289671620847615
0.42489084543077094
-0.7921551746202278
-0.001233568387934758
0.3738336067518646
0.0277514189191721
0.3109633156416336
0.2896745310006432
0.5506085977062949
0.22016378741884357
-0.0089750284523602
-0.15885065039984902
0.15944032050952672
-0.045286737397617904
-0.6172393833384282
-0.34411762772997534
0.4178867758650979
0.08810599479655568
0.6638355361413393
-0.06831591487745836
-0.45163909801622004
-0.855548537966653
0.20635297249772333
0.18558726352391708
0.14795331204031892
-0.6612925524581332
0.22628116429855027
-0.7185420662843884
-0.07374588455233966
0.4571551652547845
-0.772127567843452
0.6765305554093219
1.0
-0.739151963488715
0.7683310007698603
-0.47313089878269665
0.6497155421155372
-0.2512011368357381
0.11095356871428774
-0.4401310426382209
0.2989688876731518
0.7598521139233363
0.4756490450982891
0.12219389674650172
-0.2258312818351489
-0.0672676551677529
-0.27758624974726176
0.7995515890470453
0.3839554419005058
-0.24365491595793554
-0.08253316117636045
0.09257029698155761
-0.3200316190070095
-0.507364450625497
-0.09920345902360261
0.6361048295123082
-0.2795166739679352
-0.6016453612359176
-0.5575921932164314
0.8900863243987354
0.8659038108323351
-0.6423191275778053
-0.4113770528782844
0.6335309198716532
0.7419458878023042
-0.4714111509438885
0.027225578690383
0.24375553425030216
-0.6506806339645685
0.26865053926075855
0.15065304372702193
0.01543672928816231
0.4513326309778325
0.8289310013706992
-0.3206008146561796
0.3666204299164304
0.0008766936917903312
0.7474584495955487
-0.4475917079534846
-0.25001379543050184
0.23998009055699554
-0.16871420245870639
0.6372451027750266
-0.045286737397617904
-0.4032771836277893
-0.48265147872811665
-0.9554817154968017
0.5528773793317254
-0.6246745379456047
0.5341010640905561
0.12399036216590864
-0.5784147473704184
-0.27531442079226753
0.3876444216363111
-0.4714111509438885
-0.8697657895246013
-0.224556221085764
0.028712497111891055
-0.5693810422213508
0.987384104797348
-0.16871420245870639
-0.39958820374133874
-0.08565092698294241
0.6903413703310588
-0.3990853454111156
0.024224006165844525
0.052683153091354074
0.2642169565018746
0.12219389674650172
0.3269209548108203
-0.9144818439861253
-1.0
-0.2596800234605924
-0.5892516973606261
0.08145069006349859
-0.24122651855893174
-0.6555620838520994
0.4909249321388356
0.15361778624426714
0.48515884847869195
0.3435912525386102
0.532095878520634
0.3004151205866292
0.0008766936917903312
-0.310737262507471
-0.1184864608991566
0.47180349738753247
0.6903413703310588
-0.25001379543050184
0.6136008462503453
0.630153298081525
-0.3372430967480631
0.8789258850671111
-0.537445237849446
0.9557918952208677
0.22016378741884357
0.19307361560836345
0.15065304372702193
0.24562136190294237
-0.5670688370419572
-0.045286737397617904
0.8222477222706479
-0.850425591909207
0.2896745310006432
0.4790835503792763
0.47649536288710514
-0.6076116768923624
0.6195488014908004
-0.2582893810048903
-0.3592240138626226
-0.2127673716517594
-0.15706744310541654
0.7456348675477522
0.5551250558904524
1.0
0.4148217434813253
-0.4975580943770067
-0.3479836860661698
0.40070833181390997
