0.9027966864181208
0.7199326288303615
-3.0614270844753233
-2.0666637353377784
-1.5654695904698352
2.373129865701456
-1.5728491213609712
3.5963291953129395
4.862890583201248
4.160505220608192
0.7199326288303615
-0.5755232547754366
-1.0953274913968096
4.544361064659094
-1.4055982535720055
-3.388591821159603
0.8268478331222582
-0.6019954647431546
-2.8036293254748568
2.3512880353963066
2.4568982233469265
2.0943281439622186
4.222432969771732
2.272473652078115
-3.4093503933699894
5.222432969771732
-1.4499923730498994
-2.449992369108361
0.47892452940619373
2.1502368848915956
-0.3175420761273027
1.0964959804957897
-1.6305646158012588
-1.1869579665591825
-1.289527699611957
-4.795767194125477
-1.7957672091525911
1.13497012832818
-4.023459242253225
1.9989085787160568
1.8454635111331947
1.9125777068822445
1.5944017469057568
-1.6163507586399168
3.041860724068083
0.3414210062773495
-4.324461497535271
4.992951123569014
-1.70374896226373
0.3276152057778834
-0.2666468551964526
0.8395142450408896
5.193863817513133
4.367630885328111
1.3828976417371903
-4.50888606473116
5.512490549393319
0.6203969559676522
-4.168810618206615
-3.0822605920967967
0.9292214630492679
1.5944017469057568
-2.3244614903091176
4.081389087999053
2.604455411684144
1.222432969771732
2.461198360613975
-2.4196187241706113
-0.1869579665591825
2.9962638575267215
2.631395954406101
-0.7910292895711204
-2.3675302084784398
-1.4125176663173906
0.6859852970321522
4.680762031919328
3.9275280483561175
2.8301155467804375
3.179364247786167
2.7199326290493357
0.7516414886338647
-4.214438695148746
0.6203969559676522
-3.672384793072501
3.7199326290493357
-1.087422292351345
2.4568982233469265
4.6045667266371995
4.251833886426105
3.1661888590092127
-1.766849477974941
4.000040548177667
5.3828976419446395
0.8354098465198045
-2.637619376225671
2.1045964792147758
-0.045602116569128416
3.9804601789012506
1.6755385096908826
4.041860723717724
-2.247499508400387
5.61609681811382
2.3048951298434837
-4.25734730299058
-3.873203808074303
3.3048951298434837
3.440778558036794
2.472411222632535
-4.898452887333115
3.5532243404149284
1.2869732219046144
-1.8650298736425894
-2.2275999522765284
0.492522133154556
-3.449992369108361
0.4568982233469266
5.5399899939862385
3.336603989069402
4.835409846721935
-1.6723847930725013
-1.350456698185139
4.468393861896962
-2.4895207363606393
-5.2744208078095225
-0.5755232547754366
1.0578022676252468
5.363788818955445
-2.601995462553411
0.8719357226257706
5.510009559793826
4.4807449652237565
-0.7394989895879613
-3.1002463305191856
2.738311158355875
5.630381044249027
-3.3614556924420884
-0.4854412086031673
-0.6019954647431546
2.949580866388583
1.7199326292683104
0.4720051152225453
3.9423250508550147
-1.2275999522765284
-3.2710222278002727
6.112250051984507
-3.672384793072501
-2.9273141475689686
-1.5654695904698352
2.6374704688960056
0.8719357226257706
-2.3885918287142176
5.925047058914375
-0.6305646180347974
2.6089013167919766
2.4021923311095392
0.9423250506673223
0.13497012898510266
0.9125777068822445
-2.3363355900599267
-4.234263684184206
-0.1645901534801955
4.742300442128323
-0.9805070897486792
-4.771920463995723
2.1349701283281797
3.149920469828013
-5.646389549065714
-0.6019954647431546
5.44421908904953
-0.5171065672192057
-5.388591806050373
1.9163298420797763
-3.1989306058165408
0.24744485821066914
0.13497012898510266
0.530898804317719
4.041860723717724
-4.131816423205952
5.053833365847084
2.567929535725938
2.5992511467900012
5.073569583521227
-1.1150081256566748
-5.141154293369134
0.561234883381655
-3.865029868387205
4.769176148179407
-2.147963833936037
0.5134817518345722
-2.449992369108361
-2.051442993161747
-0.49306109326961783
1.5134817518345722
-1.9430323830161706
4.407988622621333
-2.923923564010004
2.7199326290493357
4.719932629049336
5.3828976419446395
1.5370685720593176
4.527287551263351
0.9974666045782449
-0.5127281280475031
-1.062969249940652
-3.672384793072501
-0.8161202723733352
-4.194153470985232
-1.3844040324733995
3.9423250508550147
-4.565469573389837
3.743779371488319
1.4568982233469265
-1.4499923730498994
1.8719357226257705
3.3048951298434837
-1.7719204689226464
-1.1869579665591825
-2.9006537820594644
-4.2744208078095225
-1.3955445871297454
-3.324461483082964
1.738311158355875
0.7426527056315347
-1.4499923730498994
0.06096954740302639
0.6495433008951689
-0.7344457607246938
-0.5431017777041501
1.792082414981419
-2.3675302084784398
4.492522133026376
0.019492911674654213
2.343078323727014
-1.5141227101112933
3.3048951298434837
4.358006466419129
1.13497012832818
-3.2979892835463875
-0.11779594256893905
-2.3625295278580216
-1.3280018477125366
-0.5755232547754366
-3.894777220540231
-2.771920463995724
-5.887397668277199
2.7199326290493357
3.5500076271964467
1.208970709804803
-3.8192261781171575
5.622235955350493
-2.771920463995724
1.6895589801595652
0.6374704693597157
-3.2155271209894916
5.255985529402809
3.826132033114363
4.344423493690809
-5.2573472753998125
-3.07448323303077
2.1349701283281797
-3.449992369108361
-2.392276874961757
4.527287551263351
-1.1869579665591825
2.556433896932877
5.0094392463936215
0.8454635111331948
0.550007627935485
-3.672384793072501
-3.432714377676526
-3.280067367666049
1.9650451270911558
4.357362549430012
0.7837085392873492
2.6130174253181098
-2.4972980873027177
4.065707465729528
2.7199326290493357
1.8354098465198045
3.281811516721024
-2.1627104199840437
-1.379603044970809
-0.24354149558247304
-0.3568829677962065
-2.280067367666049
-1.3430771691333874
-0.03495487327836338
2.2174322885201527
2.94232505047963
2.4568982233469265
2.031134317333835
4.456898223215542
4.098444252387287
-1.54310177770415
1.7199326292683104
2.1822758432124916
0.7199326288303615
2.594401747144638
1.7199326292683104
0.276989133446954
-2.1869579632745673
3.6642231967475425
3.4003146948754517
-2.102069067940362
-1.587495897588142
1.3913098813893607
2.7364207518677652
1.179364247786167
0.9609407287384168
-1.7719204689226464
3.9086942724115428
-1.154536489669711
-2.6516262330370886
-1.635548026283261
3.5272875506377095
4.0891664386091
-2.26712831270932
3.8634696301543197
4.577913624441187
-0.7979156768285278
4.990688071890463
-0.057674949332677715
2.193863817513133
-0.9354191998259873
4.492522133026376
3.4203723477799746
-0.792517371745763
-2.9735543256580663
5.655916136315288
2.7199326290493357
-1.6951048716163455
1.176790304341884
-0.8650298710148974
5.0498535149261405
-4.713026787555077
-4.186957963274567
0.22807953230908456
-2.3244614903091176
1.0891664386090998
-2.0666637353377784
2.1249164638617932
-1.6493011789375798
-0.5937278499482721
-5.779913221027206
5.280647583765058
-2.1869579632745673
-0.8650298710148974
-4.112957384458483
4.344423493690809
-5.723010845120933
4.086948613839177
1.3490949337942897
2.527287551138222
1.3048951295515177
-4.388591836268833
0.2642531449540693
1.9423250502919378
-2.5006184455567904
-3.6928488906396018
-5.771920463995723
4.6871958428204135
-2.9805070840553465
-2.3568829696438023
5.42447674556049
5.719932629049336
2.327615206352691
-3.449992369108361
4.257366759955076
-3.204879870286445
0.05250796771113922
-1.1187864646755912
-0.4499923730498995
3.4277518776230584
5.277928082108249
0.5365871118876783
0.8822040582137777
4.9957122631014075
0.4034589646631092
-0.2275999505872977
1.3573625495707815
3.8574361525006693
-5.8423097761209695
1.3573625495707815
3.7740093019259673
3.9250470593892586
-1.727526349414892
0.07421609698772706
-2.071480751918536
0.13497012898510266
1.6622171314209608
-4.112957384458483
0.4568982233469266
5.492522133026376
-3.0107073265389936
-3.1129573844584826
-1.601995466932898
2.1349701283281797
5.976272382385508
-1.6305646158012588
2.6439837758515465
1.9054882822054124
3.2224329696171616
2.761752804850322
-2.197226303936856
-3.3444992453143016
1.13497012832818
0.2724736517795133
1.8974708146775885
-4.994312878762941
-4.112957384458483
4.098444252387287
-0.1406643148730209
2.556433896932877
3.5723754402817502
4.193863817513133
-0.017032964751912936
3.041860724068083
-1.1731521685044082
3.652818433764303
-1.257347296092888
1.030272749555531
-3.565469590469835
0.5785767794173692
-0.7910292895711204
-3.324461483082964
1.1915536565682159
3.755556538432903
1.3490949337942897
-0.08742229235134504
0.6419301167804277
2.22689261780977
-1.4081721970174261
2.803348637273879
-2.087422292351345
0.3980045341619736
0.9192414372515516
4.681163058744174
4.428701331709029
3.1822758432124916
3.3423698357038383
-4.25734730299058
-0.05450767059315804
-1.0714807488865838
2.193863817513133
-2.1869579632745673
4.760678971484116
4.051949541869288
2.674128939556294
-1.7525551405740232
5.093391024788072
5.704825736624553
-3.1869579632745673
-2.517106567219206
0.3865088956131902
-1.1451377892691712
5.474820131253355
-2.1504320911909915
-0.5518719865884375
4.190252563952851
-2.5141227101112933
5.568840040741408
-0.106037971832538
-0.0909112784089564
-3.29129462243238
6.807395470235271
1.403458964117739
4.438750876463706
-2.4010827730944917
2.6130174253181098
-0.3675302122010034
-4.61991737843375
-0.6723847930725012
6.59221418778254
2.1705940381390136
4.62682322443888
-2.092835787638762
1.0964959804957897
2.3980045341619736
2.3828976417371903
0.13497012898510266
1.2605010104120387
2.527287551138222
1.9005048748843694
-1.8302644516029387
0.18743754869154622
4.689558979935931
3.544361064040814
4.581856493660707
-5.372824529607438
4.304895130135449
-0.4175708942188553
-2.9693665331945556
-1.257347296092888
-5.340763307236679
3.078386599988089
3.699174069406173
-1.9208831088601555
4.230367151330904
4.57416427546588
-3.324461483082964
1.4568982233469265
-0.35045669818513897
-0.37522460317482687
0.8870426147614214
0.8719357226257706
3.6532954358637726
4.835409846721935
-3.1504320911909915
-0.06532852222753685
-1.6951048716163455
3.272473652078115
1.5886880958649292
3.289547165454621
2.7199326290493357
4.288775464444121
1.649543301355015
-4.771920463995723
-1.6305646158012588
4.222432969771732
-0.4125176663173906
5.324794687253192
2.281811516721024
2.94232505047963
-5.523241349825153
-0.1869579665591825
4.208219110521423
-4.679726787182899
2.832561484313437
-4.204879870286446
1.4568982233469265
2.352200844725441
6.1573379414071665
2.4568982233469265
1.7199326292683104
-2.4125176701578637
3.2847172478606192
4.0322105543659115
3.1349701283281797
-0.22899318599651525
1.1212951916625904
1.3048951295515177
-1.0349548718002863
-3.8036293254748568
4.594401747264079
2.1349701283281797
0.4568982233469266
-3.7093789972103672
-2.7799132606615617
-2.90942399464335
1.0094392466623627
-5.771920463995723
-0.6019954647431546
-1.3244614903091174
1.3048951295515177
-0.6199173739995195
-0.8650298710148974
3.803855112780044
-4.697919872698101
4.073569583521227
5.929737229110175
0.7870468247287121
-0.964565544753504
-0.9239235612728246
1.7564585052715267
-0.8650298710148974
1.13497012832818
2.94232505047963
-3.3675302159235674
0.19910046606207601
-0.2800673711696385
-0.08742229235134504
-0.9746543635032415
-0.6723847930725012
-0.1645901534801955
-4.268752071518214
-3.7525551454352533
3.4361396629059353
-0.10926668172621538
4.412308072324034
4.707859797052381
-5.85371457223937
-5.09384854902924
-2.4313766914463395
5.114330362373266
-1.2800673711696384
2.319394699465607
0.06096954740302639
-2.449992369108361
5.986719169843771
1.1868090598246122
0.4737720415202245
5.594401746965477
4.344423493690809
2.912577707073847
-3.204879870286445
-1.9524927129221596
2.954397882686359
4.868324468867918
-3.34615655856177
0.8208615383439837
-5.795767194125477
0.5134817518345722
-4.7353946047221465
-1.2089842723333235
1.6468691668681439
-0.7719204664591849
-2.0025333968669856
1.6913634768525652
0.9745054560576486
4.942325050385784
2.8719357226257705
5.517439765240582
3.5272875506377095
2.6374704688960056
4.425647289350979
-4.7476729400844295
-2.2435414921664734
-4.61991737843375
-1.640323584598191
2.467545467511657
5.2948414650836
5.527287551263351
-2.1869579632745673
-2.1504320911909915
-4.771920463995723
2.6089013167919766
1.823026121900177
5.356371347485067
0.9650451267216367
0.7630013513662899
5.561234882953891
3.4150780479073406
1.8849918755151338
2.9929511234784045
2.4568982233469265
-2.587495897588142
0.8719357226257706
1.348565601385281
1.9423250502919378
0.13497012898510266
3.3828976422903887
-3.0874222984826267
-2.26712831270932
3.3048951298434837
0.43753289843738447
3.233704081977442
4.053542529196244
-0.4499923730498995
0.7803052472118945
2.155828733150408
-3.0874222984826267
-0.32446149030911753
-0.2275999505872977
-2.2464589779275204
-1.1994489122561585
-1.6535257658211853
-1.7525551405740232
-0.025494543208143133
3.9423250508550147
3.2642531454045307
-4.302435196022707
5.164717471789265
-5.887397668277199
-0.29150831084719203
4.232191935959655
4.188081465064758
2.509094434491029
3.193863817513133
0.982967035248087
3.7594609933247467
3.4568982238724653
6.253911201122579
3.594401746666876
-0.8650298710148974
1.13497012832818
-3.280067367666049
1.2504473460007786
-0.43207046500397606
-4.074483245183846
1.8268478331222582
-1.6394701728125596
-3.9181412048467674
0.24459462015960087
-3.8036293254748568
2.3873572901003377
-4.29129462243238
4.420372347106207
0.7199326288303615
-4.419618731889457
0.6203969559676522
5.497540207667268
2.7199326290493357
-2.1504320911909915
3.193863817513133
6.856069317331136
4.967860142550546
3.8719357228228475
4.797935141223483
3.6585320842423834
6.238840726200952
-1.8650298736425894
3.3499830199559533
-0.051442996151879194
-3.900653771285927
2.5318602809383415
2.2504473456975833
-2.449992369108361
-0.6844576250639361
-2.138048363450544
2.1349701283281797
3.089166438778628
4.201059318933025
-2.0254945461449756
-1.5755232526255067
3.6792906444581437
3.9678601430115448
-1.1869579665591825
-3.2342636841842056
-2.1869579632745673
-0.6723847930725012
4.329557183726404
-2.8905649666881885
1.9829670348831296
0.30489512955151776
0.009439246662362703
2.3366039896406394
-3.257347289195196
-2.409350385705887
5.749679972510421
-0.8650298710148974
-3.4093503933699894
6.620396955586402
1.222432969771732
-4.994312878762941
-3.849922986945714
-3.1869579632745673
-1.243541495582473
1.9063457534062935
-3.388591821159603
3.477362325914044
-0.4499923730498995
-0.8650298710148974
4.865911935017791
3.2053594562195777
-4.952492701754468
1.5134817518345722
0.13497012898510266
4.982967034791891
-2.706332121711224
-0.2800673711696385
0.8354098465198045
-2.865029868387205
2.089166438948157
2.193863817513133
-1.601995466932898
0.982967035248087
0.43453041059766456
-0.2609585478300848
2.0284402083941697
4.456898223215542
5.942325050385784
3.5042039374641223
4.355018609020081
1.7199326292683104
-3.0874222984826267
1.4568982233469265
-3.7230108641717004
-0.4499923730498995
0.8593356859222017
-4.771920463995723
1.9005048748843694
-1.7394989871792434
-5.865029868387205
2.281811516721024
4.501148997973567
2.6413227945263973
0.022495399513634228
-4.7476729400844295
-2.350456701863908
3.784062966992686
-2.923923564010004
-5.659445770211155
-3.4930610871781496
-0.9905607533376373
-0.46910119468375794
-4.415226947193839
-3.9094239838041203
1.6394427114258912
5.398004534298833
0.6203969559676522
-1.8192261832083108
4.13497012832818
5.689558979935931
-4.302435196022707
-2.449992369108361
-0.1869579665591825
-3.0666637353377784
2.8750020256551436
2.8156916119572224
-0.7317633404605731
5.435093853113945
1.6168391361257832
3.357362550133858
3.2504473458491807
-5.497298062865181
1.270129711818108
4.855709408138808
2.1689174603737356
2.3048951298434837
3.911074116233517
-1.4499923730498994
-3.672384793072501
-1.2234838433422848
1.649543301355015
0.26050101041203866
3.041860724068083
2.6919182530042542
-4.356882954863035
-0.2800673711696385
-2.350456701863908
-0.8650298710148974
-0.8650298710148974
2.966847369556759
2.193863817513133
-0.2275999505872977
0.6755385096908825
5.11225005177596
2.94232505047963
1.3980045341619736
3.9929511231159642
-3.092098779321937
5.420372347106207
4.0891664386091
2.3048951298434837
5.420372347106207
-0.5171065672192057
-1.0025333939765246
3.463157213388623
-0.1869579665591825
2.7199326290493357
-4.168810618206615
2.616096818054991
-0.11295738445848263
3.2642531454045307
-3.4093503933699894
4.38289764159889
1.7199326292683104
4.676343360481503
-2.8318630063630548
2.3729594046702367
3.3720093257285626
5.12592498895241
-2.1869579632745673
-1.2275999522765284
4.445757665483031
1.9609407287384168
3.238257936814255
3.334278936816475
4.38289764159889
1.9192414372515516
-2.691000467895513
-2.8069269134087382
5.241592547957306
-0.6156704016193766
-0.32446149030911753
1.5500076274427927
2.1799798633556065
-2.2912946294943026
4.222432969771732
-5.034954854063365
5.531099165013626
-0.6723847930725012
-1.3568829696438025
0.09190140677470882
2.1349701283281797
-2.630564615801259
2.0811988719121457
0.9423250506673223
-3.499235891850774
-3.865029868387205
-0.5431017777041501
2.68340675316459
5.041860724155672
1.671023028681652
-3.565469590469835
0.4683938624183289
4.328741871850501
3.0984442523872864
-4.565469573389837
-0.9805070897486792
-2.7230108641717004
-1.4010827730944915
2.2504473456975833
3.8987357822209705
-0.5654695904698352
-2.771920463995724
0.19910046606207601
-0.4499923730498995
2.4079886227572485
1.923466023134468
0.8130420334408175
-2.795767214161629
3.880397301242582
3.009439246304041
1.649543301355015
-3.1380483698008
-0.8650298710148974
-0.2800673711696385
-0.1869579665591825
4.073569583521227
5.017613177857036
3.9650451270911558
1.13497012832818
-3.4783369906105284
4.423947801793666
1.8719357226257705
2.1002047103757957
0.23450580253601735
3.3720093257285626
1.6332209958850723
0.4568982233469266
4.38289764159889
0.8354098465198045
2.4568982233469265
-0.8358835271947653
1.3276152063526911
4.397064973559272
-1.8774135950176793
2.239306788066529
-1.7688145568575295
1.13497012832818
1.521993251282857
-0.8650298710148974
1.7538799612018328
-4.469891916035298
-1.8650298736425894
0.550007627935485
4.116605360758724
4.490450782926569
-1.1451377892691712
-1.7394989871792434
4.333749992800407
-0.7130267780953855
4.524831899442179
1.4225467182902147
-3.1380483698008
-1.7719204689226464
-0.35045669818513897
-0.5849219529041528
3.7199326290493357
-2.350456701863908
4.058491398339647
4.5553019272765365
4.581856493660707
2.2129726403986028
1.13497012832818
5.474820131253355
0.8719357226257706
4.561234883259437
1.4050592919683067
1.7564585052715267
-3.479739710531644
0.7754277418517509
3.1349701283281797
-0.32446149030911753
2.2800204612171484
2.2224329697717318
0.2311854431424705
3.3444234944009965
-1.4817012305874941
-2.1688106182066154
0.04750728707784044
-3.2979892835463875
4.927528048356117
-0.9194776548351435
4.055535661143644
-0.0025333954217551745
-1.2979892799990032
-0.9239235612728246
4.689558979935931
-4.324461497535271
-0.8650298710148974
-2.672384793072501
-2.4010827730944917
-1.8125624513084537
-2.054063693407868
-1.087422292351345
-1.1280642773742295
-0.12806427737422946
4.056582229593444
0.7772074345072943
-2.90942399464335
0.4244767452245633
-0.1869579665591825
-1.0349548718002863
-5.010707314911456
3.8354098467219346
-3.29129462243238
0.4828934317484866
-4.4797397105316445
-4.271022241727041
-0.4499923730498995
6.08916643882101
2.426381796675314
3.4203723477799746
-2.0765339780065037
5.320836673603419
4.456898223215542
-4.565469573389837
4.4773623259140445
-0.7825677102389927
2.579754970987669
6.389998698163037
-3.4257448296936834
-1.1020690679403617
-1.6723847930725013
1.6226354278217316
-2.3430771691333874
-0.23699864948384608
-2.4698919320204245
-5.150432091190992
2.009439246304041
-0.1645901534801955
-1.4499923730498994
1.453241199537426
3.3048951298434837
-4.96936652189548
0.7870468247287121
1.13497012832818
1.5109857387351824
-5.034954854063365
3.5272875506377095
4.622235955350493
-1.4499923730498994
-1.5334083810029215
-3.2342636841842056
-0.4780067482147902
5.291474613977473
1.497540207858871
0.694397536707583
-2.718188486839075
1.7199326292683104
-1.8448519913400017
-0.3156912813383084
1.5500076274427927
4.147794168366022
5.304895129770492
0.13497012898510266
-3.9418454777553427
4.3335980259474844
1.13497012832818
3.041860724068083
4.527287551263351
1.5450584115878836
-1.3759917890441227
-4.633214183310286
0.12338215421190091
3.009439246304041
6.218183496683742
4.432650676913194
-3.0874222984826267
1.497540207858871
3.7038129640920228
-0.4499923730498995
-5.73127851891376
-4.9609543009986625
-2.301128989685824
3.2592982633605154
-4.61991737843375
1.9423250502919378
-3.257347289195196
0.4150780470958472
2.193863817513133
-3.324461483082964
-4.100246330519186
5.689558979935931
-0.7979156768285278
1.119028584656235
4.689558979935931
-1.0714807488865838
-0.106037971832538
-3.002533391086063
-0.2800673711696385
-5.499235859223598
3.4568982238724653
-3.5006184455567904
-1.087422292351345
-0.6224595685228702
-0.4055982535720055
4.0891664386091
4.547187108743907
0.8643225382489551
-3.6629860906509513
0.0735695842067119
0.13497012898510266
-5.074483220877695
3.702654638052811
4.816794168515211
-2.637619376225671
2.7494517161207326
0.694397536707583
3.567929535969243
2.567929535725938
3.795220756075216
1.13497012832818
5.461135216265762
0.982967035248087
3.7199326290493357
0.7870468247287121
6.749679972510421
-1.7910292895711204
4.3759782278319745
2.914580059934769
1.2504473460007786
3.727427165613279
-3.02422846954292
-3.3079733696555484
3.6055208395153637
3.8898576308566057
3.3048951298434837
5.719932629049336
0.28697322190461444
2.7735705928096466
-1.0557134334237392
-1.4499923730498994
3.594401746666876
2.665484845203823
1.0094392466623627
-2.771920463995724
2.3048951298434837
-5.508886031885009
5.164717471789265
-2.9693665331945556
0.15769020447927284
-1.4499923730498994
2.7199326290493357
-2.4313766914463395
0.8607951646294718
-4.324461497535271
-5.1596506054542175
-0.7394989895879613
4.916329841793119
1.512607655658501
4.668948700212379
-1.3597945650338457
-1.54310177770415
3.234505801922889
1.7199326292683104
2.3048951298434837
1.0094392466623627
-2.2275999522765284
-1.682165816617907
-5.034954854063365
1.8719357226257705
0.13497012898510266
-2.601995462553411
-2.565469590469835
4.363788818605086
-2.1869579632745673
2.9874129400457066
2.4634410691804067
0.550007627935485
7.058594739604509
-3.522142162949403
3.674128939330256
-3.8192261781171575
0.4244767452245633
0.9974666045782449
0.3573625495707815
6.610703559331483
-1.0138932580718547
-3.388591821159603
1.4304260121219865
5.878361991820239
-4.449992369108362
-2.1096522428194926
3.157337941407167
2.767238343933648
-5.646389549065714
-0.8650298710148974
-2.8390346579773373
1.6203969554984214
2.822294346831996
-0.7979156768285278
5.190252563952851
4.803348637273879
2.0871416031858967
4.637470468664151
-0.7884085888230192
-0.35045669818513897
0.5755427194029871
3.5594679565340686
1.7926889715097782
2.346474233611472
-3.080042758419594
-2.6493011834630495
2.26245986347951
-1.078433509542998
0.4150780470958472
-3.637619376225671
-1.020308097746934
-1.5755232526255067
-5.222581876946827
3.6585320842423834
-3.0349548777125936
-0.051442996151879194
-3.324461483082964
3.697906323275195
-2.619917369565289
-1.4499923730498994
1.0207991087566513
2.3366039896406394
3.4568982238724653
4.970268648960904
-0.9524927129221595
4.893669244467667
2.0798285743490053
3.0280549245379995
2.749679972510421
-3.8098883131436674
-0.0025333954217551745
2.327615206352691
2.4845545661932467
1.671023028681652
-2.280067367666049
3.5318602809383415
1.685167211096952
-1.6426374515553723
2.2779280821826173
2.827461093502587
0.26050101041203866
-2.771920463995724
-2.3675302084784398
3.031700857844147
-1.4499923730498994
0.954397882686359
0.8719357226257706
3.0292606872761563
5.259091440051412
2.2053594563759877
3.3225971309431634
4.447853083591877
-2.3675302084784398
-0.35045669818513897
-3.3675302159235674
3.2020843242688324
4.682721550240935
1.0094392466623627
4.391309881664352
3.594401746666876
1.9891192619346105
1.9423250502919378
3.3203251703820293
0.13497012898510266
2.125692314744407
3.8354098467219346
-4.469891916035298
0.2793600383202776
2.685167210872637
-0.2225818769468269
-3.1869579632745673
3.0587345425876658
2.889857630467318
-5.592950350541171
-4.186957963274567
4.658532084242383
0.19910046606207601
0.13497012898510266
3.0194929109629873
1.0722343733597728
-3.650131982096143
0.4398247103883955
3.4097642478062524
4.069082192641025
-1.727526349414892
-5.449992369108362
2.041860724068083
6.424988975355244
1.13497012832818
2.1349701283281797
1.6297348203108595
1.13497012832818
-5.494386484525276
4.537068571810752
3.4203723477799746
-1.4499923730498994
-3.4125176701578637
3.8750686124852223
3.1863983671939735
6.179364247786167
-0.5324545330100174
-0.7130267780953855
4.7319052709597225
-2.0349548718002866
-2.8390346579773373
4.179364247786167
-2.3675302084784398
-0.07653397648520806
3.7920824145648337
-2.449992369108361
3.2925114053939435
2.6203969554984217
-3.523241349825154
1.6585320844708784
4.527287551263351
-3.642637447050757
3.0251819828481215
3.041860724068083
1.7666636793184276
-4.50888606473116
1.1243228843768422
-1.7748320630784704
2.550007627689139
6.099471447095104
4.073569583521227
-2.565469590469835
-2.6837895615271434
-1.4499923730498994
2.8719357226257705
0.9929511238408446
-4.771920463995723
3.193863817513133
5.716589186150246
2.594401747144638
4.324794687613149
-0.4499923730498995
1.4079886227572485
-4.449992369108362
4.903154453014704
-2.710519925490234
-0.502459791630189
5.403317183227305
2.2224329697717318
-4.034954877712594
1.3980045341619736
5.0094392463936215
-1.6910004725536942
-5.0614270724317345
4.673390043166152
1.0028665927257872
1.2618822406306098
6.459150674952045
6.077484633747532
4.456898223215542
-1.7654941962377264
0.6419301167804277
0.8574361528988048
1.4244767457620457
-3.02030809482064
0.7479470052189324
1.9580923663297862
-2.449992369108361
6.889857630856605
-1.2186668247537003
-3.1869579632745673
1.9993150290353807
-0.6019954647431546
-1.314337273843931
-4.554329022616636
1.0860605277339708
1.0525079684067045
-0.7719204664591849
-2.4010827730944917
0.4568982233469266
3.23012736136852
-0.057674949332677715
-1.9045582356394832
-2.087422292351345
1.2892982748242003
0.8194683028484213
-0.38859182682556387
-3.7394989968141146
-0.8650298710148974
-3.672384793072501
2.1705940381390136
2.272473652078115
3.1349701283281797
-0.706332126419172
4.427751877623058
-0.9805070897486792
0.28697322190461444
3.471253515834882
0.9721196524602157
3.089166438778628
0.7564585052715268
-3.204879870286445
-2.6493011834630495
-0.03495487327836338
4.264253145554685
-1.7301002899903273
1.6755385096908826
-2.0349548718002866
1.13497012832818
5.11479224662186
-3.565469590469835
1.1588168703363935
2.94232505047963
1.13497012832818
1.5134817518345722
1.13497012832818
-0.7394989895879613
2.4568982233469265
-5.112957384458483
3.9215664902665894
1.9423250502919378
2.8354098465198043
2.6943975369304676
5.250447346000779
-5.8423097761209695
4.933336267117472
-0.2382471955751139
1.0708397912966459
2.94232505047963
-1.0025333939765246
0.8719357226257706
0.6374704693597157
2.5969711065378673
0.39328212410264735
-1.379603044970809
1.671023028681652
-4.565469573389837
2.8059058521971925
-4.879980222991637
-0.359794563182517
3.4568982238724653
-2.0349548718002866
0.5370685720593176
-5.356882984424571
-3.449992369108361
3.076702473184624
-0.11014236933803831
0.13497012898510266
4.889857630369995
0.3980045341619736
3.2583525438873084
5.032210553925023
-0.6881521088297528
-4.370557899361649
-2.449992369108361
1.0843440551643655
-2.087422292351345
-2.0666637353377784
1.13497012832818
2.7979351410160342
1.3048951295515177
-1.54310177770415
-2.6411338605989845
1.5621413835432807
0.6345411381231192
2.3366039896406394
5.488607082907178
-2.7230108641717004
3.3388424619229893
2.5295019722408956
-0.2800673711696385
1.6020961389930883
-0.9524927129221595
1.671023028681652
-5.150432091190992
-2.7015311379812488
-5.150432091190992
-2.1213696241287
1.0163256317732532
4.594401747264079
5.771594748987368
-4.33751764615641
-0.5920113761554309
-2.0079878266087348
-1.9045582356394832
2.492522132898196
-2.0025333968669856
4.594401747264079
4.727427165613279
-3.2979892835463875
-1.6585789937226505
4.594401747264079
-1.8125624513084537
3.615160306833673
-3.005511093489763
2.35736254985232
-4.630564633669565
-1.7910292895711204
-1.1165686372600925
-1.3244614903091174
-0.4499923730498995
-0.7581146684122313
-5.865029868387205
-5.2573472753998125
3.6642231967475425
4.190823362770655
-0.7719204664591849
0.9192414372515516
1.6203969554984214
-3.257347289195196
-3.565469590469835
3.778826318234289
4.320836673603419
5.191801351108118
0.8130420334408175
-2.9524927129221594
-0.6199173739995195
6.658532083956764
5.164717471789265
-1.0349548718002863
-1.1869579665591825
0.8719357226257706
-3.3337993567653763
0.8593356859222017
0.8619516341681099
3.916329842270881
2.4646755737648793
3.1349701283281797
4.851177162184779
1.2504473460007786
0.26050101041203866
2.3933730853775206
3.7199326290493357
-0.4499923730498995
3.0224953991585406
-1.7719204689226464
-1.0994951251156306
-4.166199401981617
-3.1129573844584826
2.3225971315199736
6.095799531198172
1.7199326292683104
2.9075596322411297
0.4911139383481668
-4.628795541385843
1.8017267201871203
-2.106037970279811
2.574081762534632
3.091901406436294
5.432650676913194
3.722242789489534
-5.2573472753998125
0.6203969559676522
3.7931816112425794
-3.64638958519648
-0.3910986832080234
3.7594609933247467
2.94232505047963
0.34909493379428974
0.8875325777785061
2.7199326290493357
-4.592950315724251
-1.2327616562782626
-1.257347296092888
2.8130420334408175
-1.0666637323159323
1.7199326292683104
-3.7230108641717004
3.2583525438873084
-1.087422292351345
-3.280067367666049
2.981057444922354
4.612176448545981
1.4789245294061937
2.8537883758755966
1.7199326292683104
-4.419618731889457
-3.5374552192271613
-0.9805070897486792
-0.25734729436846526
-0.4499923730498995
-3.973554336989989
-4.527994900379377
4.218892612058887
-3.771920463995724
-1.9524927129221596
-3.4839397044101603
1.0525079684067045
2.537068572059318
-3.005511093489763
-0.1869579665591825
2.3048951298434837
-0.706332126419172
2.4568982233469265
2.412954875661807
3.374882648112938
0.4568982233469266
3.4235396264419857
4.288298618962912
4.093663154648285
-1.1869579665591825
5.366991251000781
2.1349701283281797
0.42127431390525144
5.13497012832818
-0.0025333954217551745
-2.7910292895711204
-2.273114611875406
-4.459976445637395
-1.7394989871792434
3.380843982807275
0.8646123819442757
3.2053594562195777
-3.350456701863908
2.900504874691157
2.511346007213588
-4.952492701754468
-2.449992369108361
2.6374704688960056
-1.1451377892691712
-1.6426374515553723
-3.2028995148806825
2.616096818054991
2.97368922137282
0.8719357226257706
0.8063473812181865
4.62682322443888
2.1349701283281797
-2.787862008959617
-2.8036293254748568
4.879131224045662
0.8268478331222582
-0.3063466948285326
5.124916463779104
0.8622041847600566
-0.6910004725536942
0.7630013513662899
-0.14513779086455555
2.9686763773119287
-3.952492701754468
1.7979351410160342
-4.887397668277199
-5.920312306516086
3.1045964793825007
2.3225971315199736
2.6374704688960056
-4.771920463995723
-1.154536489669711
4.0760764392403965
-3.5468539140542834
4.2847172481566975
2.3307571931524853
1.2542690566066779
-3.527994883737326
2.0609695470572773
-1.54310177770415
-0.6844576250639361
1.5370685720593176
1.5755427198870355
2.94232505047963
0.4568982233469266
1.3828976417371903
-5.222581876946827
-1.6376193762256708
3.2879220512328593
-1.7130267780953856
-2.2060667921783743
5.880924505823647
-1.0138932580718547
4.264253145554685
-3.0349548777125936
-2.2342636841842056
5.307397636979355
2.900504874691157
-1.1280642773742295
2.1979799260392663
-5.592950350541171
-1.0576749493326778
-4.7353946047221465
0.4828934317484866
-0.4499923730498995
-5.2573472753998125
4.120662291306013
3.089166438778628
-5.162710413524301
-3.34615655856177
1.277928082480092
5.898735781979158
-2.787027363024312
1.3276152063526911
3.4568982238724653
6.100754413121652
3.5042039374641223
5.492522133026376
3.85899666694668
1.9423250502919378
-0.24354149558247304
1.3276152063526911
3.357362550133858
-0.8650298710148974
2.164717471789265
-5.523241349825153
3.0657074659018355
2.1776144659598997
4.365267748073051
4.641322794642016
0.6710230282286018
4.324794687613149
2.1349701283281797
-3.388591821159603
-0.7581146684122313
1.7199326292683104
-2.9805070840553465
2.610055011300593
0.6710230282286018
-0.9354191998259873
-2.719179008998306
-2.672384793072501
4.438750876463706
1.4179040916446732
3.2642531454045307
1.4728397669040902
-0.106037971832538
-2.9403179958791346
-4.931119073954207
-0.3796030449708091
1.7948946867721354
3.6985589785345723
-0.898977203689004
-0.4269087582476274
4.0891664386091
0.7199326288303615
6.64276476863516
-3.1869579632745673
3.2368497424556364
5.13497012832818
2.961821225989537
0.22807953230908456
4.222432969771732
-0.55308586484614
2.3178341854076057
3.0798285741783764
3.226468482905425
4.07838660015889
4.065707465729528
-4.222581876946827
3.958092365958482
-1.8036293254748565
-2.527994883737326
3.877079025969059
0.13497012898510266
3.7199326290493357
2.2053594563759877
2.804821526635849
0.8083705935642295
2.7594609933247467
3.8929973385077674
1.0525079684067045
1.2724736523767162
-3.771920463995724
2.923024494468873
3.5042039374641223
0.4070496733954615
3.164717471789265
-1.3389610596392756
-1.0225711474960517
4.995764309458154
5.073569583521227
-1.1869579665591825
4.222432969771732
5.916329842032
-2.587495897588142
0.8574361528988048
-0.30560246240087857
2.7199326290493357
-1.3056024624008786
-2.3675302084784398
-2.5141227101112933
2.827461093502587
5.2642531451793
1.671023028681652
-0.5712986678890373
-3.280067367666049
4.75213145150998
3.739832186532036
-0.8650298710148974
-3.8873976896271976
1.205359456375988
-1.57028660796721
2.009439246304041
1.3573625495707815
1.818234702924696
-1.2800673711696384
4.835409846721935
-2.1504320911909915
3.689558979935932
-3.8036293254748568
3.2373318459578577
-1.0349548718002863
3.089166438778628
1.014379987848106
0.13497012898510266
5.395497678751332
-4.280067367666049
0.6534372171756656
4.38289764159889
-1.1645901534801955
-1.2800673711696384
0.13497012898510266
0.22807953230908456
-2.6516262330370886
3.714843752070901
-0.7463853750003266
-2.8905649666881885
2.289628373124947
2.155434231026682
-0.9321440664980496
-1.1869579665591825
-0.6723847930725012
4.916329841793119
-1.3389610596392756
4.320836673603419
-4.61991737843375
-5.2573472753998125
-2.2155271209894916
4.093391024788072
5.4314275358415065
0.49754020734793075
-0.11656863882419488
-3.5088860647311604
-3.002533391086063
3.1303386795986463
4.201059318933025
-0.8650298710148974
-5.973554336989989
0.926383506239395
1.2605010104120387
1.559467957023541
-0.8650298710148974
0.01632563248648364
3.9762723819271897
-1.243541495582473
-4.324461497535271
1.8898576306619617
0.6203969559676522
1.037672926866324
5.141396397735783
-1.4972980873027177
2.504203937972708
-1.8243878875394315
-1.350456698185139
-1.0025333939765246
0.3980045341619736
1.8719357226257705
1.6044554119213659
2.4948660733719055
-1.4764645837541674
0.9054882825905053
-2.672384793072501
0.6851672110969521
5.376556115057105
-1.350456698185139
-0.3772360295161238
5.980460179358241
2.826847833122258
0.550007627935485
-4.112957384458483
3.979799755912731
3.2224329696171616
-5.672384811466347
-3.7329263410512437
-0.5229238954161609
-3.771920463995724
3.8354098467219346
-1.587495897588142
-1.9156559448356345
3.2879220512328593
5.644205302813973
1.385513590121586
-1.8650298736425894
-0.37092080134922367
-0.13920483537052816
3.5612348826483458
2.3048951298434837
-0.39554458902752315
-3.8192261781171575
3.0505779411248692
3.8719357228228475
0.31939469917656094
-3.275962968616669
3.91257770726545
4.104596479214775
5.807395470492888
-1.4499923730498994
-3.4230253258875787
2.35736254985232
3.784062966992686
-0.9581392755815582
6.93587002776242
-0.5431017777041501
-2.7230108641717004
2.6929655815358298
-1.0349548718002863
-3.952492701754468
-4.034954877712594
-4.90942398380412
-3.1129573844584826
4.435093853113945
-4.280067367666049
-1.7301002899903273
2.8354098465198043
1.7199326292683104
4.527287551263351
4.923466023134468
-0.5654695904698352
1.13497012832818
0.8130420334408175
1.3573625495707815
2.41645729734084
4.826132033114363
2.913943249063817
-0.057674949332677715
-0.35045669818513897
3.594401746666876
-3.324461483082964
-1.9805070897486792
6.077484633747532
2.3828976417371903
-3.7230108641717004
-2.9524927129221594
2.3048951298434837
-2.923923564010004
-1.9354191970669108
-0.8098883182019745
1.6782849317100852
3.749679972510421
-1.8650298736425894
-0.12806427737422946
3.179364247786167
2.4568982233469265
-5.29129465068007
3.594401746666876
-1.5654695904698352
1.9005048748843694
-3.923923553061287
3.970159258352377
-1.2671283161816274
4.762243433926287
0.32654772883414773
-3.8192261781171575
-2.087422292351345
-2.0349548718002866
-3.2435414989984728
-3.565469590469835
-1.508886060625391
-2.257347296092888
2.009439246304041
-0.43618657303686886
-4.556191792647978
0.8130420334408175
1.0306334689240213
1.9005048748843694
1.7199326292683104
2.8073954702867945
-2.865029868387205
2.1168227815763427
3.1349701283281797
-2.6844576227453842
1.792082414981419
-4.682653137723251
5.502540888919006
-5.074483220877695
-3.587495897588142
3.089166438778628
2.8849918753198325
-4.771920463995723
-5.2573472753998125
-3.4230253258875787
6.59985617706998
2.1349701283281797
3.6187859053538887
-2.637619376225671
-2.87785391625248
0.6290791986507763
4.84094802987227
0.6114081722301095
0.26050101041203866
4.073569583521227
3.6956850834150448
3.9762723819271897
0.25044734539438795
2.7199326290493357
2.1349701283281797
5.527287551263351
0.7199326288303615
2.532305625964804
8.03583693618524
0.6719981522874634
-3.6247667769007403
1.6203969554984214
-2.4972980873027177
4.557502163966742
4.980460179358241
-1.8285039963036291
-0.8650298710148974
-2.935419202585064
0.16973554711449745
4.035960122299579
-1.4010827730944915
2.204011772966573
3.396777231239215
-1.1280642773742295
-3.324461483082964
-3.4895207363606393
1.5335195050676325
0.3759782283878325
2.6374704688960056
2.556433896932877
2.4353650616016904
2.778826318234289
0.3573625495707815
-2.7230108641717004
4.7832585645995245
-2.9693665331945556
4.3861952318873385
1.3573625495707815
2.94232505047963
1.8001029776445459
2.594401747144638
5.712902427020773
-3.565469590469835
1.3937043965616662
-0.784411410492432
2.8719357226257705
3.8647041537749836
-2.672384793072501
3.017613177767961
5.0462259166072565
5.561234882953891
-1.154536489669711
-3.324461483082964
3.594401746666876
2.0609695470572773
-0.03495487327836338
2.3048951298434837
-2.12806428052746
2.2418853321977688
1.7199326292683104
-3.7662517211738273
-3.5929503331327113
-1.5654695904698352
-0.9905607533376373
-0.5787256871721022
-5.112957384458483
-2.7015311379812488
1.13497012832818
-2.4010827730944917
-3.9094239838041203
5.2642531451793
3.041860724068083
-3.952492701754468
-2.5088860647311604
3.8201967526504355
0.49754020734793075
-1.1984536062115967
0.40505929196830676
-0.4499923730498995
0.9650451267216367
1.5335195050676325
-3.771920463995724
4.877377491846778
1.9891192619346105
-2.2028995082384606
-4.356882954863035
2.8807059322487247
-2.527994883737326
-0.38182086925617814
2.594401747144638
1.9609407287384168
4.73488297054917
2.327615206352691
0.5393603836556861
1.8898576306619617
4.884991875319832
1.240764792662649
5.0891664386091
-1.2275999522765284
-1.2186668247537003
1.0367897343430141
-0.9719450763463202
4.222432969771732
4.002866592185851
-3.4698919320204245
-3.9805070840553465
0.417369859247879
-4.592950315724251
-4.0025334026479085
3.500619600497788
0.13497012898510266
0.24188533280776872
1.6543442874981453
-3.449992369108361
-4.0910979591285885
3.433219226614026
5.689558979935931
1.9075596324333999
0.7199326288303615
-3.449992369108361
0.13497012898510266
-1.9805070897486792
0.3573625495707815
-4.367530215923567
3.510837030898893
0.13497012898510266
-0.2800673711696385
-3.324461483082964
-2.288241300306155
2.035434454894573
2.6943975369304676
-5.186957963274567
-4.672384811466347
5.681864588409029
2.900504874691157
-2.9693665331945556
4.264253145554685
2.8073954702867945
1.9075596324333999
-0.12806427737422946
-0.0009133000212285407
0.13497012898510266
1.3573625495707815
-1.087422292351345
-0.8650298710148974
3.7199326290493357
5.713908841572741
-3.054854428745299
3.8593356853257847
1.0525079684067045
-0.12028692617220746
-4.819226198481771
5.1573379414071665
0.982967035248087
1.6439837760823575
-3.343077161813388
1.194751356689958
2.640498161633431
2.7199326290493357
4.327615206065287
-2.0349548718002866
3.041860724068083
1.9745054560576485
2.1349701283281797
1.5755427198870355
-2.565469590469835
3.4995425608472623
4.527287551263351
0.3573625495707815
2.731073186684856
3.1705940381390136
-2.1869579632745673
4.093391024788072
3.3048951298434837
-2.449992369108361
2.7199326290493357
1.9423250502919378
-4.520381714342527
1.179364247786167
-5.388591806050373
-5.973554336989989
2.0257410586693765
2.2964335510918525
0.6558022913310189
2.0839396558100596
3.5612348826483458
-0.6019954647431546
2.2013713539802238
4.618053015323868
3.000040548357999
4.719932629049336
4.2847172481566975
-2.7910292895711204
-4.994312878762941
1.7199326292683104
-5.941845455584191
4.616096818407965
-2.771920463995724
2.3225971315199736
3.4925221323854756
-1.9390304553629651
3.1844388047253402
2.193863817513133
-0.08742229235134504
-3.565469590469835
-2.1869579632745673
-1.4499923730498994
2.94232505047963
5.42447674556049
-0.4055982535720055
-4.672384811466347
-4.672384811466347
-3.6199173784337497
2.4141937722979563
0.009439246662362703
-5.394850793631594
-1.7495526558183931
-1.4499923730498994
-1.0225711474960517
3.2908882717862262
1.8130420334408175
-4.565469573389837
0.8719357226257706
4.128946340851584
-2.238488264272971
-2.2912946294943026
4.510009559793826
2.342565547729775
-3.4895207363606393
5.0891664386091
1.13497012832818
-3.2155271209894916
-4.7353946047221465
4.658532084242383
4.065707465729528
3.055535660970117
3.9929511231159642
3.3828976422903887
0.49754020734793075
2.47666147820232
7.211785725743968
6.324794687253192
3.2082191103653224
-2.222581876946827
1.205359456375988
-2.6860597317213726
1.3887267204680076
-1.9239235585356453
2.35736254985232
-3.479739710531644
2.94232505047963
1.7199326292683104
-2.2275999522765284
6.047194168397303
3.8121024731804853
3.2798437578092696
2.7199326290493357
0.6089013167919767
-3.5468539140542834
-5.112957384458483
-4.7476729400844295
2.7199326290493357
-3.280067367666049
1.3048951295515177
2.579754970987669
3.7199326290493357
2.787046824937733
2.267995546921522
-3.865029868387205
3.4568982238724653
-3.9943128787629414
6.6214699902247
-0.15453648806389916
-0.30560246240087857
-3.4738391152670363
3.8182347027201446
-3.7285278715479837
4.38289764159889
-1.2800673711696384
2.7043357741768292
-2.7910292895711204
1.0901158927167938
5.744474813446678
-1.3244614903091174
-0.7775670296099876
-0.845921048551241
-3.102069067940362
-1.3024351853477083
5.432650676913194
3.5564338974233793
-5.186957963274567
-2.587495897588142
-1.4010827730944915
5.204132152709782
3.6585320842423834
-4.59683375968994
6.13497012832818
-0.12806427737422946
1.8489745741740284
0.8719357226257706
-1.3955445871297454
2.7979351410160342
-2.771920463995724
-1.3389610596392756
2.556433896932877
-0.6240217727238833
-4.014776990191118
3.357362550133858
4.1528920366904
0.009439246662362703
2.0525079680589218
-3.64930117441211
-1.8650298736425894
-1.3885918287142178
-1.8650298736425894
0.13497012898510266
-5.048251706457333
3.743779371488319
1.116354450169364
-1.699606263340346
-0.5171065672192057
-3.601995462553411
-2.7394989871792434
-5.819226157752543
1.5272875513884783
-1.2520529939220142
3.826847833122258
-5.565469607549834
3.846465035454662
3.8898576308566057
-1.4499923730498994
-5.33751764615641
-0.8650298710148974
-2.0744832391073085
-1.263579247266291
5.195666060151055
3.671023028681652
3.956971826449719
4.304895130135449
5.331367341191403
4.622235955350493
3.6972125524971156
4.041860723717724
-1.601995466932898
0.4244767452245633
-1.2129531761073717
2.8063473810119435
1.8354098465198045
0.21297264070977676
4.4044308032970765
1.673390043166152
0.6913634772992728
1.4568982233469265
0.13497012898510266
3.6459320472021854
4.581226358247878
-0.7463853750003266
2.7087053735952886
4.608141803420543
5.919823051982285
1.2129726407097767
0.9527667974358922
1.2724736523767162
5.626823224730846
-0.8650298710148974
-0.12806427737422946
-3.672384793072501
5.789606157011005
-0.9354191998259873
6.284717247971648
3.1605052204468422
-1.8650298736425894
2.511346007213588
3.041860724068083
-2.9006537820594644
-5.771920463995723
-0.4499923730498995
5.566019945704417
5.79447958241439
-2.449992369108361
-3.7063321311271205
-0.7130267780953855
2.774380413047382
-3.2108047067617553
-0.4269087582476274
0.550007627935485
0.13497012898510266
0.9234660235147919
-1.601995466932898
-1.9354191970669108
-1.8650298736425894
1.9843482654480786
-0.2275999505872977
-1.257347296092888
1.13497012832818
-3.1869579632745673
-3.5812369098943058
0.30489512955151776
3.0059836877262534
4.196081642525612
-0.4879602223029507
-0.29798927822531124
1.13497012832818
-2.565469590469835
0.7923684653521499
1.7199326292683104
2.956971826449719
-5.156584305472075
5.853788375825704
4.2847172481566975
0.291089330666566
-5.2108047201191905
-3.449992369108361
1.4568982233469265
-1.8650298736425894
-2.7476729207051998
-2.5812369098943058
-3.3363355973458004
0.13497012898510266
2.889857630467318
2.5134817515819097
-1.0714807488865838
2.2902483539535634
2.6243549691120998
1.5335195050676325
2.1349701283281797
1.7199326292683104
-4.795767194125477
3.673390043166152
-1.9354191970669108
0.7870468247287121
0.9423250506673223
-2.449992369108361
-4.952492701754468
0.6411555154507134
0.4828934317484866
5.862890582953352
4.772738988036496
2.6413227945263973
-3.865029868387205
2.3313673412630678
1.0525079684067045
1.4050592919683067
0.18077381806447773
4.20271473493388
0.5292490672974168
6.238257936776034
6.2948414650836
1.9769052823448676
4.041860723717724
4.304895130135449
0.18941791232622576
0.5182987684052239
5.6847041408343095
-1.759161234445491
-3.0349548777125936
1.059021275130391
-0.8505303025547974
1.9423250502919378
-0.1869579665591825
3.2053594562195777
-2.6493011834630495
0.13497012898510266
0.0876644134184386
4.499542560847262
-4.324461497535271
-0.9499187691587996
0.6203969559676522
-1.7654941962377264
2.009439246304041
3.8073954704928883
-1.9239235585356453
3.1910460528671942
4.401756668895109
5.456898223215542
2.0760764394114704
-1.4865182491760787
5.626823224730846
5.304895129770492
5.807395470492888
5.929385994648694
3.0239388159525746
1.2468630083892722
1.0442046644476548
-1.508886060625391
3.7340078148031797
-2.2155271209894916
-1.2800673711696384
-1.9524927129221596
5.179364247786167
1.9142014494351876
-3.128064274220999
1.741627700256508
0.7199326288303615
-0.9068500483325105
3.7199326290493357
-1.8346562208765067
4.201059318933025
1.179364247786167
3.1349701283281797
1.2605010104120387
5.648039710687427
4.320836673603419
3.594401746666876
-1.6723847930725013
3.2504473458491807
3.3499830199559533
-0.5171065672192057
-4.331729484714867
-0.25734729436846526
4.123654815074483
-5.388591806050373
3.0665831533989527
4.583430629420281
4.2847172481566975
-1.2520529939220142
4.867072310437497
1.0708397912966459
2.3048951298434837
-5.546853880332234
-3.3056024695331856
4.3954976784085895
1.9125777068822445
4.41043891200583
-2.8520908169027837
5.689558979935931
1.6755385096908826
3.4277518776230584
4.537068571810752
4.282868823625779
-0.15453648806389916
0.9714713959664696
3.0454185434696224
3.353393646945916
3.827992375346995
-3.497298079156872
1.4886070829714422
-1.601995466932898
1.7650205185273413
2.036789734343014
3.7999319515643166
3.6459320472021854
4.835409846721935
5.243494585344364
-0.8650298710148974
-1.9255714162533324
4.377463756031006
2.8354098465198043
2.4225467185593157
5.332186821499784
3.024266663966292
-1.5654695904698352
2.3048951298434837
-2.449992369108361
-3.6199173784337497
0.13497012898510266
0.2724736517795133
3.3866892211841497
1.787046825146754
-4.7598476182282266
-0.9943128873850561
-2.3675302084784398
0.7564585052715268
3.8354098467219346
0.8615937782682008
-0.24354149558247304
-3.5495280539208136
2.579754970987669
6.085283004325214
2.6319849298749873
1.4244767457620457
-2.545751354696054
0.896810391116571
-2.565469590469835
2.7884123670843697
2.0525079680589218
-0.8650298710148974
-1.9693665331945558
3.2688258751045476
1.0609695467115283
2.3048951298434837
-5.994312924747554
-2.2275999522765284
-0.49306109326961783
3.9423250508550147
-4.36145570726978
4.041860723717724
-1.3874509060973266
-0.8905649640135731
1.7199326292683104
3.37842416553928
3.5500076271964467
1.197254406425231
-2.771920463995724
1.8354098465198045
1.0094392466623627
1.0678559328137456
-1.7394989871792434
2.5755427198870358
4.0804139645795034
0.9423250506673223
-2.763150253412467
4.126992070595016
-2.2000141184291047
-1.3675302122010033
0.13497012898510266
-0.8867249425919783
-3.018835212349317
-1.1280642773742295
4.149920469828014
3.6851672106483218
0.21297264070977676
1.8427893769019024
-1.1129573844584826
-1.4499923730498994
-2.350456701863908
2.7724000489903946
-0.5392597109792616
-2.3828781800579355
-1.7503873050737744
2.787046824937733
2.3048951298434837
1.4828934317484865
1.5500076274427927
4.104596479214775
2.5735431422400157
0.3276152057778834
2.6792906446833746
-3.935419202585064
-1.7719204689226464
3.5904218958533143
5.558436249594692
-1.0744832360690393
1.6532065154623143
0.6203969559676522
0.7433916023324647
0.5134817518345722
-3.449992369108361
2.420372347240961
-0.3675302122010034
-3.795767214161629
-0.4499923730498995
4.319394699465607
2.191724906553288
2.3048951298434837
2.4568982233469265
-1.0576749493326778
1.8898576306619617
5.2847172477866
2.7072215772939683
0.6203969559676522
-4.795767194125477
-0.7015311403274023
2.4277518776230584
2.172444833763687
5.041860724155672
-5.565469607549834
1.2504473460007786
-3.1869579632745673
-4.609190970264076
4.13497012832818
-2.601995462553411
3.3048951298434837
5.407559696067566
-2.280067367666049
1.9423250502919378
-1.5054874847141821
0.25361462499967335
3.146197383776896
-0.8650298710148974
-4.29129462243238
-1.4499923730498994
2.4568982233469265
0.38289764173719026
-2.672384793072501
-1.7979156768285278
3.671023028681652
-0.6509050662057103
-3.7230108641717004
-1.7394989871792434
5.057802268058382
1.6419301172427065
0.26050101041203866
2.665484845203823
4.222432969771732
-2.0349548718002866
0.9962638578883307
-0.4499923730498995
-1.9156559448356345
5.631188417328413
3.347020606175709
-2.2186668247537003
-2.6894583070883655
4.3236316927123255
0.3980045341619736
3.4154782965435073
2.266214661763523
-1.3363355900599267
0.3276152057778834
0.7199326288303615
-0.6403235845981909
1.5965502133876435
3.7135911023925545
0.9423250506673223
0.5638134269631312
4.62682322443888
2.6374704688960056
2.1018032645610307
-3.432714377676526
6.1866322482662115
-2.257347296092888
1.13497012832818
2.082502708409714
0.7199326288303615
-1.587495897588142
3.2053594562195777
-0.42142321961656765
4.638189479907293
0.765736318361371
4.510009559793826
4.62682322443888
1.9423250502919378
3.5206238207448277
-2.0349548718002866
-1.2520529939220142
4.727925419603249
5.11225005177596
-0.6199173739995195
-2.7525551454352533
-0.7130267780953855
0.5134817518345722
2.3444234941169215
4.400314694875451
-3.1869579632745673
-1.3955445871297454
4.581941626135746
-2.601995462553411
-2.601995462553411
1.0418607237177238
3.1349701283281797
-1.4499923730498994
-1.54310177770415
4.041860723717724
-0.6337043262709486
1.0475072870778404
2.0609695470572773
4.180294119210152
2.8288670006025
7.0176131783024065
-4.583848108835973
3.3048951298434837
-1.9524927129221596
-3.257347289195196
0.5656044828911438
2.0340412196963733
-0.964565544753504
1.4904507827982045
1.9075596324333999
3.3744360625985013
-3.894777220540231
2.142962918990975
3.790321957305691
5.137280289178298
-5.952492746425235
-1.5812369055773827
-1.2089842723333235
0.9005048748843694
-1.2275999522765284
4.304895130135449
3.385196757631221
0.8926092910074849
2.9929511234784045
6.778826318759827
-2.264436717311436
-3.5171065754776665
3.7084369905005525
-3.1869579632745673
-1.8650298736425894
3.4568982238724653
-3.222581876946827
1.4886070829714422
-0.6723847930725012
4.8809245055788315
1.6622171314209608
-2.280067367666049
-2.3244614903091176
1.3451878355292428
0.7724000494127022
3.8898576308566057
-1.5530858648461399
-3.3568829696438023
0.7145191326604617
3.962224607714216
1.6268232246724528
4.873322262945198
3.540962487818095
3.9423250508550147
1.586958763965666
3.911074116233517
1.0919014067747088
4.862890583201248
-5.508886031885009
-1.8650298736425894
-0.29996692880198716
-2.8192261781171575
0.9423250506673223
3.1349701283281797
6.992951123569014
-2.449992369108361
-3.128064274220999
2.8607951650266807
-3.82850398605563
-1.7525551405740232
3.8354098467219346
2.527287551138222
5.916329842032
-2.9524927129221594
3.791593614683221
0.8454635111331948
0.5069389057151377
1.6130174253181098
5.980460179358241
6.304895129770492
-3.4738391152670363
-1.601995466932898
4.170130968325104
2.4235396264419857
-1.4499923730498994
-2.865029868387205
1.078386599988089
-0.22492581748081858
1.13497012832818
2.173208932572253
2.1349701283281797
4.286973221608999
1.0418607237177238
0.7199326288303615
-0.009419780834120574
4.739832186532036
3.6956850834150448
4.536068436489702
-4.29798926935685
-1.9719450763463202
-3.257347289195196
-0.7394989895879613
0.0834398278911467
-2.1869579632745673
1.8870426147614214
0.7199326288303615
3.4801056139924973
2.5409624880659907
5.594401746965477
-0.8650298710148974
-1.8650298736425894
4.0969020874068365
1.5409624883138862
3.2504473458491807
1.3573625495707815
6.689558980215473
5.041860724155672
2.4079886227572485
6.5238484672264
4.176790304022807
1.9125777068822445
3.024411753218269
3.1349701283281797
3.8719357228228475
1.378895711316457
-0.009419780834120574
-1.7910292895711204
2.1349701283281797
-0.6426374493030647
0.4828934317484866
-1.6723847930725013
1.288444609224944
-0.4499923730498995
4.420372347106207
3.7199326290493357
4.050322302793742
1.6297348203108595
2.1349701283281797
-2.8346562208765067
-1.7825677102389927
2.3048951298434837
-1.1187864646755912
0.31554237377678784
0.30489512955151776
3.7979351412234834
2.3444234941169215
5.967860142550546
-1.1661994052193083
7.022495399336087
3.1349701283281797
-3.931119051947286
0.9650451267216367
2.9316251618508313
-2.0025333968669856
-3.002533391086063
-1.9006537820594644
2.3551683364526923
-4.0614270724317345
0.13497012898510266
1.5755427198870355
-1.5171065672192057
0.4244767452245633
-0.4499923730498995
4.38289764159889
-3.7910292995563504
-0.8285039963036291
2.4568982233469265
0.9650451267216367
0.8593356859222017
-0.3858620352874413
-2.8036293254748568
3.9929511231159642
4.95348284043732
1.3048951295515177
-2.6551067990129735
-4.388591836268833
3.7199326290493357
0.2592982639631973
0.3414210062773495
-0.5065759014162668
2.7199326290493357
2.7098789643624435
5.791593614162313
0.3759782283878325
-0.12806427737422946
2.9605296458354506
6.363788818955445
3.4568982238724653
2.3048951298434837
-4.388591836268833
-2.6602100760349967
-0.4093503876219124
4.000040548177667
1.8354098465198045
3.4854673753479086
-2.3244614903091176
2.8354098465198043
1.1446852832716135
-1.9524927129221596
1.13497012832818
2.594401747144638
4.0205444931040715
1.7199326292683104
1.13497012832818
-1.1869579665591825
-2.045602115080103
-1.4230253258875787
3.960940728553131
3.0489676105391004
1.4568982233469265
5.737006142524205
-4.307973355367473
3.2583525438873084
1.4886070829714422
3.2224329696171616
4.537245796183538
2.3506988193653693
-2.785595408588184
2.845670067780924
3.3828976422903887
0.7630013513662899
-3.449992369108361
1.9163298420797763
-3.0349548777125936
4.849215646275841
4.270129711369478
2.1349701283281797
-4.324461497535271
-2.138048363450544
-2.0025333968669856
-1.2800673711696384
-0.4780067482147902
4.861074729970175
-3.983970940782251
-2.2155271209894916
3.1291410495924725
0.3313673409764104
0.808741896115045
0.9234660235147919
-1.6199173739995194
4.900504874787763
-5.7476729400844295
3.0984442523872864
-5.795767194125477
1.7199326292683104
3.157337941407167
-4.268752071518214
-3.324461483082964
-0.7394989895879613
5.821470655479509
3.3048951298434837
-3.34615655856177
-2.415226954889223
1.4568982233469265
2.1349701283281797
-1.8838888977821646
-1.7654941962377264
2.262082046286922
1.787046825146754
-3.9212980980669565
-2.537455210851393
-1.6224595663018446
3.91257770726545
-4.080967265506097
-1.379603044970809
0.6617180152045108
-0.6240217727238833
2.8354098465198043
-3.257347289195196
-0.14256384710119518
4.816794168515211
3.90755963262567
3.8898576308566057
2.1349701283281797
-5.537455202475624
-5.074483220877695
4.277928082480092
0.6495433008951689
-5.1380483698008
4.860795164927379
-3.606496864806428
-0.8650298710148974
1.7199326292683104
3.6695591068176605
-0.505487484714182
1.5017524591472748
7.4478530834266135
-1.1869579665591825
5.2847172477866
-2.601995462553411
5.757021947867922
-2.2435414921664734
-3.565469590469835
4.767238343721737
-1.4499923730498994
-4.264200962732566
0.13497012898510266
-5.61991737843375
-4.324461497535271
-4.034954877712594
2.2763259777226237
-5.7476729400844295
-0.3625295315677049
3.127108010601876
0.550007627935485
2.159632182606986
2.1349701283281797
0.7479470052189324
6.959398563551512
2.6374704688960056
0.3276152057778834
3.48074496586991
2.594401747144638
-0.5171065672192057
4.391549512324168
3.4118103338434143
1.0678559328137456
4.336603989783449
1.4225467182902147
-2.433872703832674
-2.8762571302154587
-1.6150516199175984
2.7199326290493357
3.8822040580180985
0.9423250506673223
1.5196339784936193
-3.29129462243238
5.83144094436586
2.1855962014208004
-0.41522695488922284
0.7199326288303615
3.112250051942797
1.5500076274427927
1.5500076274427927
-1.6224595663018446
2.6374704688960056
-4.034954877712594
-3.565469590469835
4.889857630369995
-2.3885918287142176
-1.1869579665591825
-4.494386484525276
-0.8650298710148974
4.372871923755998
5.0891664386091
3.71065481535537
0.9192414372515516
-0.3675302122010034
-3.8308141555127535
-1.5279948837373263
-2.619917369565289
4.13497012832818
1.13497012832818
-3.257347289195196
-3.601995462553411
-4.50888606473116
0.931436734143514
-3.1869579632745673
3.0224953991585406
-1.8650298736425894
3.041860724068083
-2.0025333968669856
2.517439765303575
-4.927525816894301
6.7348829702782735
4.719932629049336
3.8667740178377468
3.702654638052811
2.4948660733719055
-2.520381697788067
1.13497012832818
1.8719357226257705
2.616096818054991
-2.672384793072501
1.13497012832818
-2.848541744523671
-1.1351190356964878
3.1517784160527795
-1.9943128902590943
3.3444234944009965
-1.5396295857872386
3.5272875506377095
1.1596321829298804
3.7538799612018328
3.4203723477799746
2.3828976417371903
1.4430924236399794
3.521386949972384
4.715919566643356
6.389211415718311
0.13497012898510266
2.036789734343014
-0.22520543576907331
-4.61991737843375
-1.087422292351345
3.5310991650136265
-4.980507106828678
-2.4895207363606393
-4.419618731889457
-2.672384793072501
-0.48393970441016027
-3.449992369108361
3.8354098467219346
-5.034954854063365
-0.3796030449708091
-1.6268701329061528
1.13497012832818
0.4760070463361211
0.779742024007865
-4.672384811466347
4.38289764159889
0.9598834219819992
5.201059318933025
3.1695432769964604
-5.653864681640167
-4.084198384415136
1.8354098465198045
0.28697322190461444
-5.141154293369134
5.401756669236367
0.31554237377678784
-3.4895207363606393
4.125924988539251
-4.630564633669565
0.6280101396774466
-1.6951048716163455
2.2902483539535634
0.06785593212554013
2.9169694762160474
-3.660889147227493
1.7199326292683104
3.8822040580180985
-2.312488845358426
-2.848541744523671
4.793181611242579
-1.8499229817450733
2.0735695838639696
-4.771920463995723
4.739832186532036
3.1962173172944572
-1.1321339428056127
-2.0349548718002866
-4.296079685466988
6.324794687253192
3.5723754402817502
-1.1451377892691712
-0.4499923730498995
0.44691413515386
5.527287551263351
-2.865029868387205
4.2282738482936555
-0.6426374493030647
-1.2800673711696384
-0.5171065672192057
-1.9805070897486792
0.9234660235147919
-0.703278801933996
1.25696065300862
-1.2275999522765284
1.0262638691084622
4.201059318933025
-5.458554403633322
-3.852090806485861
-1.54310177770415
6.820432745898328
1.6089013167919766
3.2224329696171616
1.7199326292683104
-3.324461483082964
-0.5279948837373263
-0.3993662993003558
-1.3056024624008786
3.3828976422903887
4.38289764159889
-1.2275999522765284
-0.8203608211684484
-3.1627104264437866
-5.489520752564741
1.6906680347002951
-0.8161202723733352
1.13497012832818
-0.9719450763463202
4.2847172481566975
7.350907527630433
3.5042039374641223
3.248032792930355
1.2892982748242003
-0.4865182491760786
1.3887267204680076
5.942325050385784
-0.057674949332677715
1.6755385096908826
2.767238343933648
1.5944017469057568
4.797935141223483
-4.50888606473116
-4.795767194125477
4.1528920366904
-1.8650298736425894
-0.3894508306828991
3.753449754866107
0.6309276232653044
3.3048951298434837
0.3865088956131902
-2.3885918287142176
-1.350456698185139
-1.6258422060405995
-3.8192261781171575
-4.50888606473116
2.009439246304041
3.2414697496805265
2.8862910156340607
-3.2186668247537003
-0.5654695904698352
-2.0349548718002866
4.243494585344364
-0.6474384360473782
4.254995177110373
2.753879960987951
-0.964565544753504
2.778826318234289
0.4529402097407052
-3.952492701754468
3.5755427198870358
-3.1627104264437866
7.294841465267354
5.5147422979456024
5.324794687253192
-3.7394989968141146
0.3276152057778834
3.0943281439622186
4.1573379414071665
-4.324461497535271
0.13497012898510266
4.2847172481566975
0.8719357226257706
1.1158613053717161
3.631395954406101
0.30489512955151776
-3.2938731712336824
-3.388591821159603
-2.504440158285057
4.572375440888141
-2.5317864606661624
1.4568982233469265
3.8354098467219346
1.0485553766161388
-3.29129462243238
-1.4499923730498994
4.778826318234289
1.5027019126972823
0.29543480110919906
0.17803884979499773
-0.23699864948384608
1.9301503366289645
4.835409846721935
1.9423250502919378
-2.565469590469835
3.3048951298434837
2.5550083087313094
3.2876171384784834
-0.12806427737422946
6.264253145366992
2.1855962014208004
5.10278972257903
-0.5929503266045385
-1.106037970279811
2.8822040580180985
-0.8161202723733352
3.594401746666876
5.916329842032
1.9423250502919378
0.31184789000799895
-2.9524927129221594
-3.449992369108361
-5.546853880332234
-1.2619200243279942
4.679758976325705
4.344423493690809
-1.4499923730498994
0.30489512955151776
3.4361396629059353
-2.3098147126659128
1.3875771627082316
-3.324461483082964
-2.3244614903091176
-1.6199173739995194
0.9974666045782449
-1.2800673711696384
-2.6516262330370886
-3.7991419402384397
-1.8390346631388756
1.0525079684067045
4.456898223215542
6.401756669065739
-2.7598476377716867
-0.32446149030911753
4.041860723717724
5.300882067181525
5.309341034933069
4.38289764159889
-4.271022241727041
3.1389720590039585
2.5335195048184547
2.4854673756055257
-0.21295317443520392
-0.7130267780953855
2.3759782278319745
-1.5888200791406895
0.9989085787160568
0.6374704693597157
-3.9765381920503486
-5.574688104733061
2.3366039896406394
2.327615206352691
2.8354098465198043
-1.8650298736425894
-1.8650298736425894
5.63481601550212
6.017613177857036
3.1349701283281797
-0.7619363784132338
-3.565469590469835
-3.894777220540231
3.6647910754114204
-4.150432091190992
2.6569228315528624
-1.4010827730944915
-0.33451515411398713
5.041860724155672
3.6844339477461263
5.456898223215542
-0.8650298710148974
-2.0349548718002866
-1.0349548718002863
4.216764219828048
5.056216016989651
-0.43534559605034656
-0.5065759014162668
-2.1869579632745673
0.7630013513662899
4.703812963538436
3.9678601430115448
-0.8650298710148974
-0.6969071127846624
-2.409350385705887
2.428166504853446
-0.5431017777041501
-3.9693665218954797
-4.388591836268833
1.8366288537939428
3.239306788219302
2.8354098465198043
0.36003668380237197
-3.9943128787629414
-1.09769062773948
2.94232505047963
0.3980045341619736
-0.25734729436846526
-3.324461483082964
-1.54952804547466
4.349983019248498
1.6792906446833749
-2.587495897588142
3.317662425887779
1.13497012832818
-1.9239235585356453
2.8156916119572224
-4.356882954863035
-4.565469573389837
-0.7301002923834041
3.2224329696171616
-1.4499923730498994
3.312887920614758
3.333646481237824
1.846465035053488
-0.964565544753504
4.113340112068861
1.931436734143514
-2.12806428052746
1.403458964117739
-3.4196187164517657
-1.1351190356964878
4.553922677423477
-0.00704887615915536
4.594401747264079
0.4661760370899038
1.8957824645025998
3.0943281439622186
4.000040548177667
4.021102163627091
0.3980045341619736
2.5612348831372187
0.5824291057811447
4.1528920366904
-1.6723847930725013
4.391803195165468
4.188081465064758
-0.6268701351339787
2.3972434183897677
-2.4895207363606393
-0.4499923730498995
5.017613177857036
-3.87785391625248
-0.06206671823467599
-1.6723847930725013
1.3276152063526911
1.3329095062264398
-2.4683709020615585
3.1349701283281797
4.515791912400496
1.13497012832818
3.9900217928710515
-0.9673915896106382
-2.630564615801259
-0.964565544753504
4.473335113063426
4.4170054964297005
2.179364247786167
-4.37282449971744
-1.087422292351345
1.4568982233469265
2.230127361522268
-0.39554458902752315
0.8719357226257706
1.9423250502919378
-1.8390346631388756
-2.672384793072501
-4.771920463995723
1.8214706555305318
1.3828976417371903
4.992951123569014
2.778826318234289
-0.4499923730498995
-0.7825677102389927
-0.8302644541680667
1.6374704688960056
1.9804601792668426
1.2345058019228892
-0.5431017777041501
-0.2275999505872977
-2.1869579632745673
-0.2800673711696385
4.816794168515211
-3.865029868387205
-2.672384793072501
-5.7476729400844295
-4.8423097761209695
-1.6493011789375798
-5.388591806050373
-1.106037970279811
-4.388591836268833
2.2224329697717318
4.992951123569014
3.7199326290493357
3.5084285244894975
4.255985529402809
-2.047233204054818
2.94232505047963
2.082502708409714
3.689558979935932
7.168393130342024
4.594401747264079
-0.9805070897486792
0.30489512955151776
2.320836673747798
2.9850746979554073
1.4568982233469265
1.3048951295515177
1.645932047663184
3.594401746666876
3.652818433764303
-4.419618731889457
-0.4499923730498995
-2.8192261781171575
5.318191952414084
5.017613177857036
-2.3286860739033988
4.350698819223949
-1.6723847930725013
0.9580923663297861
5.041860724155672
5.835409846469272
3.916329842270881
0.9678601428271454
-1.9943128902590943
1.7840629663643248
1.5944017469057568
-1.4257448258178378
0.9650451267216367
6.005334848051953
-4.795767194125477
0.3276152057778834
-0.2800673711696385
0.9125777068822445
4.649092388448576
-2.630564615801259
0.20208432442559804
4.925047058914375
1.5572031291583
0.3276152057778834
0.04186072441844177
0.4244767452245633
-2.476464579739638
-2.7394989871792434
-2.350456701863908
-1.2979892799990032
-5.302435167556043
-2.1111904571232216
0.5345775874612388
-1.379603044970809
1.6089013167919766
-4.3796030412169635
-1.4930610953001069
5.1409123937116155
3.0657074659018355
5.405499070657842
0.9234660235147919
-0.1604857549591104
-0.695104869280619
2.5318602809383415
3.5042039374641223
5.216358455127257
-0.9068500483325105
0.550007627935485
2.8354098465198043
-0.7979156768285278
3.9967728345645703
-0.6723847930725012
0.028054925068590746
3.9043572006685068
0.13497012898510266
-5.034954854063365
6.4203723472746494
8.238257936680482
-5.034954854063365
0.8395142450408896
5.764326748507323
1.5944017469057568
-3.222581876946827
-1.4499923730498994
-1.8125624513084537
0.13497012898510266
-4.672384811466347
1.9423250502919378
4.041860723717724
4.527287551263351
2.889857630467318
1.13497012832818
0.2793600383202776
0.6141379647125587
3.765650929554056
4.942325050385784
-4.168810618206615
-2.4839397044101603
-2.1869579632745673
0.6103081381629619
-4.082260579878028
3.9329263521473856
-4.771920463995723
-1.4499923730498994
-2.280067367666049
2.0525079680589218
-2.3363355900599267
2.5430548670509423
-2.960187107638454
2.9929511234784045
-0.1869579665591825
-0.8650298710148974
-4.302435196022707
4.5583562088931115
-2.0025333968669856
4.527287551263351
3.1349701283281797
3.6559161360291514
-2.601995462553411
-2.9273141475689686
-3.257347289195196
1.4568982233469265
2.4568982233469265
2.1349701283281797
-2.7230108641717004
-0.537455212945335
1.8898576306619617
4.035434454718612
-1.6951048716163455
2.6439837758515465
-2.2979892764516188
3.7979351412234834
-1.7631502583095298
-3.018835212349317
2.0525079680589218
4.4807449652237565
2.0495786370534734
5.916329842032
-1.4499923730498994
-5.710519916046965
4.13497012832818
4.527287551263351
-1.6723847930725013
4.810535177858805
-1.1351190356964878
-2.653525770359926
4.594401747264079
1.2724736523767162
1.7061268296506367
-4.1380483698008
-3.565469590469835
-5.302435167556043
3.8898576308566057
-0.539934498662347
-1.5654695904698352
0.5134817518345722
-3.865029868387205
-2.749552650967269
-1.154536489669711
2.009439246304041
-1.087422292351345
2.009439246304041
-2.3597945613311886
3.1045964793825007
-0.04190763367021388
-4.50888606473116
-1.0456021180581538
-2.257347296092888
-5.034954854063365
0.49754020734793075
-0.9805070897486792
0.9125777068822445
0.6585320840138883
-4.4972980954485635
-4.50888606473116
-1.7910292895711204
-1.5654695904698352
2.826847833122258
-2.493061095300107
-3.8905649559897277
1.7423004423439286
3.803348637273879
3.0452513132248566
-4.186957963274567
4.663005560995008
0.4568982233469266
0.931436734143514
-1.5654695904698352
-2.3430771691333874
-3.350456701863908
4.527287551263351
-3.0874222984826267
4.916329841793119
1.3573625495707815
-4.723010883222468
5.321302886201897
-4.630564633669565
4.942325050385784
-0.7130267780953855
1.5500076274427927
-2.204879876937791
0.694397536707583
-2.138048363450544
-0.8650298710148974
0.26621466146362294
2.4345304103307894
5.324794687253192
3.0943281439622186
-2.26712831270932
1.8379883904772023
-2.3796030412169635
2.1855962014208004
-2.3296981363366185
-1.491215035148051
1.7724000489903944
-4.363280726455339
-1.017032964751913
3.654344287956464
-0.7275263470260813
-1.2275999522765284
5.222432969771732
-3.1869579632745673
-5.179726420320413
-4.50888606473116
0.5134817518345722
-0.11014236933803831
-0.7394989895879613
0.9255167624118263
-0.14882283781522077
-1.087422292351345
-0.08742229235134504
1.4568982233469265
6.916329841554238
-2.087422292351345
2.529048009064308
-0.3675302122010034
1.0464334539177782
-2.4010827730944917
3.594401746666876
-3.4839397044101603
4.13497012832818
2.900504874691157
-1.849262557955644
-1.601995466932898
2.0678559324696426
-2.8036293254748568
3.3048951298434837
-1.7130267780953856
-2.334515154113987
-2.672384793072501
4.773319842066416
2.0187771110059
-2.2435414921664734
-2.1869579632745673
5.420372347106207
1.7406911893099797
-0.0025333954217551745
-5.150432091190992
4.436720341675767
1.0525079684067045
1.3980045341619736
6.041860723936698
0.9125777068822445
4.080930289041539
-3.097690624651942
2.964239826824128
7.168393130342024
1.6585320844708784
1.8719357226257705
0.7199326288303615
0.4568982233469266
-4.4619650010519765
3.3048951298434837
-4.324461497535271
2.4568982233469265
-0.36098736540780163
3.071608067354882
3.676751805688983
-2.7394989871792434
-3.350456701863908
1.0094392466623627
3.2642531454045307
1.8719357226257705
1.3291426759149814
2.767238343933648
-2.865029868387205
3.04785946470261
-3.834656231168301
-1.2101653579158094
4.62682322443888
-0.4055982535720055
1.13497012832818
-1.8318630063630545
1.763001350941222
-1.4499923730498994
-1.0576749493326778
0.7870468247287121
3.8574361525006693
5.029149672402243
0.3980045341619736
2.9829670348831296
4.713908841297878
1.13497012832818
-3.5317864606661624
-0.35045669818513897
-2.017032967671571
-5.128064274220999
3.0124861218115004
1.5944017469057568
3.610703559036237
0.34909493379428974
0.5134817518345722
2.3048951298434837
-0.1869579665591825
3.8284570860655207
-4.710519916046965
-3.6575877834490367
0.4398247103883955
-1.7825677102389927
1.6329969921597272
-4.449992369108362
4.041860723717724
-4.311286102743845
-4.819226198481771
4.569107726725597
-0.9962744062952008
5.778826318234289
5.639590520775141
2.3828976417371903
-1.4499923730498994
2.0525079680589218
-0.695104869280619
-1.1869579665591825
-0.5279948837373263
4.321968643425693
-2.3430771691333874
-3.002533391086063
-2.565469590469835
-1.7581146659722315
-0.39554458902752315
3.5206238207448277
3.2224329696171616
0.07607643872717537
5.304895129770492
-0.695104869280619
4.335882822262388
3.971471395782531
6.793181610722244
-0.4499923730498995
7.646722782500512
2.234505801922889
3.4568982238724653
-5.08742231074519
4.504203938099854
-2.612263801010315
4.304895130135449
3.477362325914044
-3.782567715202411
-2.1129573844584826
-3.952492701754468
2.6130174253181098
-2.4010827730944917
3.4644714433158725
3.5895359917492744
4.391309881664352
1.7672383437217374
0.9905802191658795
-2.4357785163806054
4.788412367084369
3.051446772918163
4.291474614345841
2.7199326290493357
2.316720565202139
-3.2155271209894916
0.5355080576133071
0.5944017473835188
-5.637619358269775
0.3980045341619736
-4.994312878762941
-4.324461497535271
3.091551059307268
1.2724736523767162
-5.054854416756454
-3.324461483082964
2.7437793710575495
6.21534354477602
2.4568982233469265
-5.449992369108362
3.2434945851920345
0.9005048748843694
-5.131816397914415
5.492522133026376
0.6345411381231192
-3.7230108641717004
-3.302435181789375
-0.6769575224535732
-0.9354191998259873
3.463157213388623
-1.9645655475688883
-2.092098779321937
-4.449992369108362
3.628509601009465
0.08389594417777725
5.087441758229878
2.94232505047963
-0.4175708942188553
-1.7317633404605732
-4.074483245183846
-2.565469590469835
-5.058801599959271
1.2605010104120387
-1.5654695904698352
3.1349701283281797
3.540962487818095
3.7538799612018328
2.4442981863782838
3.6062758478460766
-0.03495487327836338
3.090770324420564
1.9618212261747097
2.1349701283281797
0.08052234380047806
3.664589594710116
0.8130420334408175
3.8898576308566057
-5.909424027161041
1.4679534117195232
3.7691761481794073
-2.212195257864993
3.8628905832012483
5.862890582953352
1.014379987848106
-3.565469590469835
3.6203969557330367
3.1349701283281797
1.8849918755151338
4.128515105940483
2.489502888739219
-3.923923553061287
2.1614423396057623
-5.131816397914415
1.4568982233469265
-2.1869579632745673
3.785520970433608
-1.1129573844584826
-4.215527107588262
1.022495398803447
2.1045964792147758
2.527287551138222
-0.9156559448356344
2.4568982233469265
0.13497012898510266
0.4218512766009568
3.767238343721737
-1.8036293254748565
-0.765494198690239
0.1915536571998726
-1.3244614903091174
3.461399616115592
3.154869685864873
2.2504473456975833
5.16839312994085
-5.356882984424571
3.3048951298434837
2.318191952486406
3.707859796500345
2.4118103338434143
-4.846882528508945
1.4845545661932467
-2.1869579632745673
-0.08742229235134504
0.6913634772992728
5.16839312994085
-1.119602699345191
-0.8650298710148974
6.017613177857036
-3.5495280539208136
2.164717471789265
5.266125559652779
-2.502459793673949
4.098444252387287
5.515791912400495
4.425647289350979
-0.8650298710148974
7.031134317245591
-0.5171065672192057
4.128017367607074
-2.9006537820594644
-5.537455202475624
3.2583525438873084
-0.8650298710148974
3.3048951298434837
-1.289527699611957
-5.85749619832949
2.1605052204468422
2.5069389057151374
8.378144111877013
4.818666582545231
-1.4499923730498994
0.5594679565340687
0.13497012898510266
3.3048951298434837
-2.449992369108361
1.923466023134468
-0.5431017777041501
-0.9805070897486792
4.62682322443888
2.862890583002932
-0.6723847930725012
0.6968490162965428
1.3100568347548864
-0.9524927129221595
2.6585320844708784
2.4150780476368428
-3.601995462553411
-1.9194776548351435
-1.0576749493326778
0.13497012898510266
1.2605010104120387
-2.1724583961414523
1.787046825146754
-1.587495897588142
-1.0765339780065035
2.7979351410160342
3.152892036365993
3.2071984559544906
-0.1869579665591825
-3.8192261781171575
4.925047058914375
-4.186957963274567
3.90755963262567
1.4150780476368428
-1.5396295857872386
-1.0714807488865838
-1.6723847930725013
5.104596479214775
-2.222581876946827
3.5210285609494383
-0.32250263633960263
1.5500076274427927
-0.4707509327025832
-3.9094239838041203
4.816794168515211
-1.3934088422579702
2.078386599988089
4.641293048019778
1.3943567572382995
4.052507968232813
2.2902483539535634
4.648039710399724
4.176790304022807
1.6203969554984214
-2.0666637353377784
-5.324461497535271
-1.1129573844584826
-3.128064274220999
4.759460993324747
-5.819226157752543
-0.2800673711696385
-0.13511903569648764
5.444825390887366
0.8719357226257706
1.7199326292683104
2.3828976417371903
-1.6723847930725013
3.63747046866415
-4.795767194125477
2.6792906446833746
3.318191952486406
-2.785595408588184
4.942325050385784
-4.710519916046965
4.7319052709597225
6.536351633574035
0.6431170322037935
2.262725675738104
-0.19944891059957018
-0.502459791630189
-1.6723847930725013
1.13497012832818
-1.8650298736425894
4.041860723717724
-1.4196187241706113
-4.876257109029691
-4.61991737843375
-2.7329263314601677
4.009439245945719
2.4423986536199607
0.29543480110919906
4.11225005177596
4.862890583201248
3.3659245631874875
4.297188994949564
-2.3244614903091176
3.63747046866415
5.179364247786167
6.069486629916408
2.9929511234784045
-1.4676943727882588
-4.37282449971744
1.473772042039652
-0.49306109326961783
3.5500076271964467
2.221126772101696
1.4267362529180958
1.8268478331222582
-1.350456698185139
5.498905749657359
-1.7323921019396473
1.037672926866324
0.5219932517852098
-2.5088860647311604
-3.26712831270932
-3.3728245146624394
1.6468691668681439
-4.093848573663854
-4.018835212349317
-1.4499923730498994
1.782984799792087
2.5755427198870358
2.924091695139322
0.982967035248087
1.4568982233469265
0.4854673756055257
-2.55534537367389
4.294168723079386
1.3828976417371903
3.1107225821928455
0.7199326288303615
-2.771920463995724
0.4244767452245633
3.567929535969243
5.222432969771732
-0.7317633404605731
0.604455411921366
4.38289764159889
2.23733184611084
1.2280795329249496
-1.6305646158012588
-1.9239235585356453
-1.5279948837373263
-2.087422292351345
-0.03495487327836338
-3.565469590469835
-4.388591836268833
0.5679295359692433
0.7870468247287121
2.7199326290493357
3.9804601789012506
-4.3759918002775064
-3.6894583070883655
-1.0463596352836897
6.388311137995036
-5.646389549065714
-4.494386484525276
-2.4839397044101603
1.9714713959664696
1.0849294460836252
6.104048238763998
-1.84365621975862
1.4244767457620457
-3.637619376225671
-2.8965081075888794
-3.2710222278002727
-0.03495487327836338
4.575542719887036
3.3828976422903887
3.1349701283281797
-0.6240217727238833
0.49754020734793075
-0.06784675468390206
-2.587495897588142
3.7340078148031797
-1.9673915867897336
3.167391606020557
-0.2707895581206412
4.60063370081857
-3.565469590469835
-0.8650298710148974
-3.388591821159603
-3.0349548777125936
3.041860724068083
-2.672384793072501
2.3828976417371903
1.3208366734590404
-4.64638958519648
3.0798285741783764
-2.865029868387205
4.3162998931203305
4.945541763076642
-4.601995462553411
5.492522133026376
-3.449992369108361
5.438750876463706
-3.9860452661953407
-3.280067367666049
2.912577707073847
-1.1129573844584826
0.6558022913310189
4.623905741421838
0.26621466146362294
-1.7394989871792434
1.8511771625846454
-2.0349548718002866
0.8719357226257706
3.671023028681652
1.9192414372515516
-4.679726787182899
1.9324772645824189
6.192961851216769
5.179364247786167
3.9542580796815483
-0.08742229235134504
-1.3885918287142178
0.44812801341156255
4.444825390887366
-4.282882373419257
-0.12806427737422946
3.3346424735890863
5.119863235903397
0.5134817518345722
-3.324461483082964
-0.2912946259633414
-2.4797397185789514
-2.2979892764516188
3.1588168703363935
1.3414210057080165
0.8150898622434242
-2.280067367666049
1.3276152063526911
-1.1129573844584826
-3.3675302159235674
4.572375440888141
1.8719357226257705
3.0839861996046487
-3.280067367666049
-1.3934088422579702
-2.601995462553411
2.2797416527567265
-4.201313254937792
-5.7476729400844295
0.04750728707784044
4.438956052695761
0.1938638168824868
1.4568982233469265
-1.3389610596392756
1.2724736523767162
3.0322105540132007
-3.5006184455567904
1.0318766351694324
-1.8860914850743107
4.319394699465607
-4.50888606473116
3.513481752087235
4.103380298252622
3.1744984925503266
0.13497012898510266
-4.574688104733061
-0.15453648806389916
0.13497012898510266
3.0028665923658293
0.5134817518345722
4.291474614345841
-2.923923564010004
0.41060457051317917
1.6968490158515306
6.446037230691331
-3.280067367666049
-2.692848899967909
4.38289764159889
-3.401082765474184
2.501752459147275
1.9285192511134162
-1.8650298736425894
-0.0629692499406521
4.603739611608386
3.7048257366245525
-1.5279948837373263
-2.7394989871792434
1.0475072870778404
1.5134817518345722
2.550007627689139
-2.3244614903091176
4.436139662905935
-4.994312878762941
3.1556295989658802
4.456898223215542
4.370186589818739
4.067283320830948
-0.4499923730498995
3.4277518776230584
0.4886070834855558
-0.5654695904698352
5.527287551263351
-0.6150516177079484
0.8175811932313936
-2.9805070840553465
-4.340763307236679
-2.637619376225671
-4.795767194125477
1.4345304100639145
5.4807449652237565
-5.973554336989989
-0.7677326700598486
-0.3175420761273027
3.671023028681652
-0.41436846322304316
-0.5171065672192057
2.490450783054933
2.7078597967211593
2.3048951298434837
-0.2520529939220143
-4.367530215923567
5.243494585344364
-4.449992369108362
-2.1869579632745673
0.3320069758769315
4.393704396973469
0.8130420334408175
-3.6199173784337497
-2.449992369108361
-4.592950315724251
2.2053594563759877
-2.0349548718002866
1.671023028681652
-4.054854440734144
6.1617701878129525
3.910263841264203
-1.087422292351345
-3.952492701754468
-0.7130267780953855
1.7199326292683104
2.2224329697717318
-1.379603044970809
-1.5812369055773827
-4.162710413524301
-5.508886031885009
-4.966567880834909
-0.5431017777041501
5.549202327606905
2.8650493369500074
-0.33215588155812276
-0.7775670296099876
1.8354098465198045
-1.9181412102992286
-2.4257448296936834
-5.655106799012974
0.550007627935485
2.8354098465198043
1.8354098465198045
-2.0349548718002866
1.222432969771732
-5.7476729400844295
-1.243541495582473
-5.73539456629215
-0.09058957219812269
0.9598834219819992
0.47338634620715986
4.009439245945719
5.2642531451793
1.2605010104120387
-2.565469590469835
-2.4257448296936834
2.4568982233469265
-3.3041415002193446
6.382897641771765
-1.5324545330100174
-4.034954877712594
-4.388591836268833
4.835409846721935
4.658532084242383
1.3806224557346696
-3.2342636841842056
3.1469427700214014
0.2724736517795133
-4.556191792647978
2.113596477702295
1.13497012832818
5.271106816236374
3.2224329696171616
-4.25734730299058
5.420372347106207
0.4568982233469266
-2.3675302084784398
-0.5431017777041501
0.7516414886338647
5.569598355907946
2.826847833122258
3.152892036365993
4.807395470492888
2.8354098465198043
-1.3675302122010033
3.041860724068083
-1.2108047101011143
1.2504473460007786
-3.052656869519216
-4.819226198481771
3.352909380180429
1.3048951295515177
0.550007627935485
-5.898452844304658
4.017613177411664
-1.2800673711696384
3.7832585640755982
5.563469887586461
-3.0666637353377784
-2.0526568755045145
-2.0349548718002866
-0.8650298710148974
4.001218739120275
5.379592497033026
3.124628184201242
-3.543101773499843
2.4568982233469265
0.982967035248087
0.05902127582282294
0.9423250506673223
3.0657074659018355
-3.642637447050757
0.13497012898510266
-3.1504320911909915
4.098444252387287
5.1573379414071665
-2.587495897588142
-0.5755232547754366
1.1926856263905605
0.9333362669286062
3.501752459402
-0.12806427737422946
2.5545090199340565
-2.0666637353377784
-2.449992369108361
-1.0349548718002863
-3.7991419402384397
-3.7329263410512437
-2.1869579632745673
-1.3056024624008786
-0.017032964751912936
3.63747046866415
-2.8036293254748568
-0.09949512511563063
4.13497012832818
0.9385729155246765
2.609229164746558
-5.324461497535271
3.5147422976300504
0.13497012898510266
-4.520381714342527
-0.35045669818513897
-0.8650298710148974
-4.146315992645596
2.7199326290493357
-0.24354149558247304
0.5656044828911438
4.594401747264079
0.5755427194029871
3.00438601858027
-0.964565544753504
0.13497012898510266
2.604455411684144
3.8354098467219346
0.1609653368611243
-0.8650298710148974
5.2642531451793
4.272473651779514
3.154869685864873
0.7588216422053204
1.4828934317484865
4.561234883259437
-0.6019954647431546
-2.087422292351345
3.8759376531701646
-3.1869579632745673
-0.8098883182019745
-4.4856162827806205
5.222432969771732
-3.6870315624676726
3.108974919783291
4.840445436492462
-0.4499923730498995
3.1349701283281797
-1.8650298736425894
2.2559855292517916
-4.85371457223937
2.7199326290493357
2.1588168703363935
-3.0874222984826267
3.4720051157426095
-0.21552711931433816
3.7288768304993294
-2.10449580636721
6.103060880341954
-3.952492701754468
-1.0025333939765246
3.391309881664352
1.9650451270911558
-0.6305646180347974
-2.4895207363606393
-3.5088860647311604
3.0344432524216223
-0.11438934029866808
3.055535660970117
0.4568982233469266
5.41574089836373
-2.3796030412169635
2.1516488695201152
2.9178720067566952
1.7353626696608733
2.7387916563091834
-0.5654695904698352
-2.280067367666049
0.6792906442329131
2.7026546376095855
-0.23399772138754074
1.4568982233469265
2.295434800521426
-0.31248884894164286
1.9423250502919378
-0.6183899032065413
-0.9805070897486792
0.4442981869084323
-3.2108047067617553
2.7516414888480787
-3.612263801010315
4.769176148179407
0.2724736517795133
-4.628795541385843
1.3573625495707815
-0.4499923730498995
3.3284498583212043
0.7724000494127022
0.6543442870398272
5.169616271346623
-1.0494544431078492
0.550007627935485
5.691918252836803
5.468243196749519
3.099866327472582
1.7979351410160342
5.277309298238094
-0.17818775758837355
2.3980045341619736
-3.052656869519216
-4.565469573389837
2.9580923663297862
4.041860723717724
2.94232505047963
2.6439837758515465
-0.8333210129441475
0.06096954740302639
3.5219932515340333
-3.207422071465052
0.3414210062773495
2.2504473456975833
3.930829411679339
-2.138048363450544
-0.4865182491760786
-3.771920463995724
4.594401747264079
0.28697322190461444
6.284717247971648
6.382897641771765
0.3366039893550211
1.3980045341619736
-1.8650298736425894
5.188081464669021
-1.6426374515553723
3.6173628959965614
-3.257347289195196
3.765447288811738
-5.434885466864308
-1.062969249940652
2.1963706729512653
6.060969547057278
-3.449992369108361
3.033090514308966
1.997466604578245
1.2724736523767162
2.703812963649153
-5.034954854063365
1.9650451270911558
0.8268478331222582
-1.1165686372600925
-3.7910292995563504
4.634202755179862
2.594401747144638
-1.0070488761591554
4.11225005177596
5.225964660749543
1.5364864878160818
-2.761194057840614
3.336603989069402
3.3048951298434837
2.647082063785602
3.100204710207559
0.6654848449764272
1.936066059976938
2.2504473456975833
2.082502708409714
-5.316240962154151
-1.062969249940652
2.68340675316459
4.584277529876818
2.260501010412039
3.594401746666876
-0.7463853750003266
2.94232505047963
-4.324461497535271
0.3980045341619736
2.6374704688960056
0.5710692436204051
2.262082046286922
2.1349701283281797
3.692965581758936
1.7199326292683104
0.3517815179971418
-0.5431017777041501
1.3573625495707815
0.13497012898510266
-3.280067367666049
-1.6493011789375798
2.900504874691157
0.931436734143514
4.369025467364753
-0.0025333954217551745
-2.2912946294943026
-4.702973100555772
1.6374704688960056
1.5134817518345722
1.2887754647393674
-3.543101773499843
1.7564585052715267
-3.8849294366276443
-0.03495487327836338
3.1349701283281797
-4.204879870286446
4.444825390887366
6.689558980215473
-4.007987826608735
4.992951123569014
-2.4196187241706113
4.2847172481566975
-1.0945117174094947
1.0678559328137456
-2.222581876946827
2.190465241025239
4.942325050385784
3.245394118097895
1.13497012832818
-0.9430323830161705
0.0037255951437732424
-1.2520529939220142
5.179364247786167
2.6979063228305082
-1.0494544431078492
-0.08742229235134504
0.9580923663297861
-1.5054874847141821
-2.6240217705004514
-0.1869579665591825
4.203449866624243
-1.263579247266291
-3.1869579632745673
-2.923923564010004
5.719932629049336
5.575542719887036
-3.4298144972435507
-2.050896416786077
4.188081465064758
4.835409846721935
-2.409350385705887
0.5679295359692433
1.860795165026681
-3.479739710531644
2.009439246304041
1.3048951295515177
0.49754020734793075
3.100204710207559
5.354784005745004
-1.508886060625391
2.594401747144638
0.41060457051317917
4.868324468867918
-2.26712831270932
-1.087422292351345
1.8382525963881033
-0.6019954647431546
4.210258255354059
0.13497012898510266
-2.0025333968669856
-2.476464579739638
-5.299658072374701
3.706512112887949
-3.324461483082964
3.594401746666876
1.1456965351596768
-3.0482516945232314
-1.2384882676770268
2.7199326290493357
-2.409350385705887
-4.787862028886282
-0.9354191998259873
0.5768076873336081
-2.9943128902590943
6.300882067364512
-0.6019954647431546
-1.9805070897486792
-0.106037971832538
4.527287551263351
-1.9775046033271142
0.550007627935485
0.7199326288303615
1.9829670348831296
1.13497012832818
2.35736254985232
-5.054854416756454
-5.61991737843375
-1.1451377892691712
-3.1129573844584826
0.8916989772219697
-1.0349548718002863
-3.5088860647311604
3.336603989069402
1.3225971315199736
3.302175628525974
2.4568982233469265
3.582429105299401
2.1991004657478954
0.41060457051317917
-1.4499923730498994
-0.3020936773918345
3.2224329696171616
4.527287551263351
-1.087422292351345
4.069082192641025
4.167914227191732
-1.6082544572522504
5.65329543615043
-2.8036293254748568
6.112250051984507
1.7199326292683104
1.5581815591752008
1.3048951295515177
1.8719357226257705
-2.9805070840553465
0.13497012898510266
5.314879218365767
-4.672384811466347
2.1349701283281797
3.2659009981696268
3.2504473458491807
-3.222581876946827
4.104596479214775
-1.136834486252108
-1.7394989871792434
-0.8650298710148974
-0.5324545330100174
4.857436152998338
3.7199326290493357
6.401756669065739
2.8822040580180985
-2.565469590469835
-1.6723847930725013
2.7979351410160342
