-0.6071769525905151
0.36109507698152066
0.8837298123438626
-0.3485136234113331
0.48574892945147896
-0.043385751810475215
0.7564963476617925
-0.8344807570425068
0.7542699982621948
0.03244490375348863
0.780595939726543
-0.36161744246442995
0.8328929125807762
0.4044963860579709
0.910022808569231
0.9698122775228837
0.4360510364505732
-0.858882546799353
-0.6096065890897262
-0.7581184851222792
-0.6484266380594172
0.11749842921873865
0.24694102192548528
0.0929410480832562
-0.5864958783231692
0.8877509285124237
0.4683408149256818
0.8160191099307956
-0.24375330424601926
-0.5820630215429049
0.7725847058642794
0.9412161095906602
0.63724102185192
0.2597168860996477
0.5565591798481926
-0.6208389688176889
0.43770309043431976
-0.7788814732338156
-0.13123093702599742
0.578981559746703
0.16964220671171604
0.9312085439973119
0.6817070611517602
0.5967673465120766
-0.2467583592942284
-0.63490231795607
0.4949316660616443
0.822379637569089
0.94489669178904
0.47910731902425385
0.3189796804828835
-0.7596699812515946
0.21808518560966705
0.4599954863899465
0.746639431661233
-0.38782058803803565
0.7479133641521443
-0.7760669015673438
0.0015397238220458132
0.469597675792758
0.34815209059507946
-0.279988125337863
-0.7682921246703026
-0.8266138083518656
0.4597509428660651
-0.9081684745619262
0.3465761101631586
-0.6383520588549623
-0.6342780056774044
-0.7536740226328289
0.8061512621009383
-0.22495085735594866
-0.39319245900476507
0.275425924800609
-0.3176488013976403
0.5868773355214514
-0.007254408719244987
-0.8039629831712481
-0.8602352483616431
-0.6779472943227374
0.5487558004936735
0.2624136036612239
0.4376619088855951
-0.61923198991091
-0.03046462908262948
-0.07047737057892933
0.0437389809289952
-0.5852322786572107
0.9997735763575575
-0.6464553147597398
-0.4786742725767513
-0.6431518806721348
-0.7548352674313208
0.7538318265837645
0.9644776945766358
-0.5856282954048555
0.3474356813983568
0.192366185297977
-0.8156265711521293
0.8216898840657227
0.2850829231009959
0.5997867776645678
0.4217134181976858
-0.858739609387507
-0.8635189901814034
-0.606543505495587
0.8364325790069744
-0.8661450252302596
0.8216855412842208
-0.26639926251633284
-0.6650064044515038
-0.4805194305862449
0.8555960757660455
-0.7846739201263384
0.7623632957197353
0.752310505298333
-0.6949702490546443
0.6035030006214801
-0.09133799639871476
0.5993182065156244
0.9850418132456038
-0.26060329647328273
0.3095851958367304
0.3585502070214237
0.978526143481933
-0.7547526797072421
0.35338064977224715
0.16646478816320842
0.38082448309561157
0.0009489557867050635
0.8882269872156805
-0.5831707303280549
1.0
1.0
0.9471115103549947
-0.08759571675279121
0.9366768546636002
-0.9616965510963968
-0.24501855117392668
-0.9209229243307517
0.5403811207450291
0.7678835700129598
-1.0
-0.30665385201696116
-0.6951489769761093
0.7606796442567854
0.60366727756312
0.338664161271093
0.9619325251143662
0.538211377256042
0.5879178060688652
0.9569685761066402
-0.34568519976938106
-0.3363261312551311
0.2143062169476071
-0.6079924970063495
-0.11111652086910262
-0.15133187558512773
0.007779102831545703
-0.7578666786707138
-0.6320058324454076
0.2273994036735787
-0.5920946221855998
0.3680644925365939
0.29899225324714696
0.517217472969475
-0.383275043565352
-0.16377439384124992
-0.616528234048279
0.14999052141140012
0.41385867422057565
-0.9290720040679283
0.6334897571408202
0.9817213824097069
-0.91183673973346
0.7723349210523784
0.02191440736688044
0.5842614835464617
-0.02596400993582726
0.8906033872037222
0.28720834026844666
0.9956281667873914
-0.6777729091827742
-0.5946788018058431
0.5881334476330962
-0.1570177745797684
1.0
0.493427116897875
-0.1299270543178319
0.881138819049194
-0.0920175668282146
0.42997189110338363
-0.5236246068895933
-0.7818433999691786
-0.15227620593515556
-0.07635375295530722
0.1541946334073847
-0.8912322257089704
0.1965696982896168
-0.6265357247660842
-0.8413043899150947
0.4051880863254589
-0.12504786442493554
0.5997867776645678
-0.5841939046250044
0.1679044951066222
0.8364590849492444
-0.7820150895895889
0.43182536029816543
0.41281700566447155
0.49419129669111816
-0.7504126686004661
-0.6127017942918709
0.9469825746697149
-0.4078131816862486
0.8834118907877084
-0.7588991375350123
-0.8234223880767916
-0.9095941049032303
-1.0
-0.7397872300251618
0.5016930773578865
-0.8226972184415221
-0.1569731487560595
-0.35493405148413515
-0.2545108981549582
-1.0
-0.05559331061223738
-0.02716007186187741
0.34465974551214296
-1.0
-0.7954476871525947
-0.5037688108586894
-0.7559962127276403
0.1476562014786007
-0.7572106940373017
-0.7491432286421431
0.17783913192095646
0.2793980723639591
0.9092021726164636
0.49568206875495036
0.9611863154514757
-0.468177470184554
-0.6241601484090171
0.17984639548133896
0.9604871276296743
-0.6346327660007814
0.9858959934416962
0.7951042742177798
-0.8945328519637078
-0.5943921782267196
-0.815837645308229
-0.1297424112284592
-0.09540987818552171
0.9161925533236148
0.9220985864150746
0.4579668084242272
0.0460731511107082
0.14762700001677787
0.9382484923140189
-0.4829791670537966
0.24850337500855524
-0.15770573107009944
-0.7734017066094276
-0.8157145499153138
0.43449003112727946
0.03514386758135912
0.2977521645017329
0.9475703476833304
0.2986759789529416
-0.8063858059960338
-0.7310154852712685
-0.6690500581585486
-1.0
-0.8519201695453347
-0.5975746883121604
-0.5816903659647183
0.8990074181652759
0.46996441620303675
0.8902445836010158
0.8673540818068208
-0.37340435046485576
0.9380174263879022
0.10734186129455003
0.5876254919484634
0.9057775150245218
-0.5096481882567927
-0.5278217554600664
0.43831437436847986
0.25674911907192
-0.8174816876088601
-0.24209511046773546
-0.03588666666325979
-0.4039639048891841
-0.2940025807465766
0.3052837456346693
-0.0414367414226523
0.4568328931989798
-0.8457329039138571
-0.8900279649109469
0.5301375474397167
-0.7778157696283649
0.4552889594995211
0.39667563557744456
0.623249478359406
0.24546941800069577
-0.508757918048909
-0.24988621023318014
-0.2663313503987088
0.2964081485024468
-0.08593872098319766
-0.4636314015830686
-0.5438284993205353
0.7510298340085395
0.7449223857060447
0.7513143610724553
-0.8419262313008369
-0.015606925307121378
-0.6644124916433513
-0.6714738543653951
-0.18949444241054392
-0.11830637002316746
0.5028415184385022
0.5814725193157422
-0.2586377385904268
0.562058488989339
-0.9390043946159685
-0.5150498596896902
0.39574553158061265
-0.7856395900061599
-0.9758506493930585
-0.10316683470329646
-0.7491999094282968
-0.28576574687284495
-0.3282379253345239
-0.8972012291322072
-0.5147704241627077
0.22730431173379628
0.5225132703843784
-0.6077978205941965
0.9820087547442617
-0.6694302761665918
-0.9322707247084581
-0.6160845964551998
1.0
-0.3637376183438611
0.23025620514637923
0.5012505628979542
-0.8175906315241226
0.6109773768394606
-0.748856829689649
-0.5174106855647596
-0.004656377123521627
-0.0039841444972490425
0.8054564170606389
0.4723195515368279
0.47467348886192884
0.8515698680605512
0.7593585401736986
0.06408611027395583
0.744174978034464
0.8465645877530144
-0.5761123626277362
-0.5975146381265656
-0.7864096100917677
-0.7939906839587166
-0.7050283556396093
0.7789274131233066
0.2094286743166598
0.2558142230403273
0.013458113276217931
0.9261764582453322
0.5589551972285356
0.889039836111962
0.5732158434230796
0.7560738998474208
-0.8230498073741482
-0.1547704600280928
0.9476076357038119
0.09373862236873798
-0.6224595750733185
-0.7032387552831224
-0.105457127816732
-0.1904679742223946
-0.35408234218096624
0.29365153050636184
-0.03415269883532268
-0.9329823793081916
0.1632873696147008
0.850909316019008
-0.1479445060136676
0.21306792521522855
-0.5401777175883238
0.9327268702610181
-0.9112639792662434
-0.7523157054048037
0.42942844441130457
0.9507318926166932
-0.30274482453647433
-0.6356582614395683
-1.0
0.8511367879190543
-0.28330638478300885
0.8910951697710376
0.9540830224252757
0.4495907809158062
-0.35699979284370664
-0.8141718142245453
0.8188983740665368
-0.6168628528505524
0.9481004665287314
-0.3139868632095014
-0.13684121172207098
0.012170852938628629
0.38178992834880376
-0.1137262330495552
-0.09886493524797657
-0.6013420512650345
0.21325855834805196
-0.6350084166006934
-0.2885758260067286
-0.7310246949630741
0.38118658122221594
0.9436158707481603
0.1668241907702599
0.9009893737920784
0.24761924459520857
0.770375128586344
-0.7611377665236841
-0.8821322265739701
1.0
-0.49163492959137267
0.12924071139545545
0.502309003575721
0.9324931088153483
0.1245686272548725
0.25261838510820844
-0.2526625953726528
-0.8628886129837438
-0.7890429829438511
0.9013465301328358
-0.18922399194873762
-0.752262394018091
0.14389475369363436
0.771949611507402
0.3903585357541697
-0.2663313503987088
0.37383604915258184
-0.5017710564922852
-0.2964199376567134
0.9943726536800914
-0.598124499425406
-0.7587703516008188
-0.36877509513494633
0.21893053049166955
-0.37390871212341803
-0.09760867338524537
-0.764252439367044
-0.17144179920943436
-0.7092187654112002
0.4924675119370474
-0.7235928480535947
0.8855826825342992
-0.5951841368464661
-0.7216898861248002
0.30233140296882777
0.7740882067704447
-0.5061921578122771
-0.8476147509394873
0.17623664554676566
-0.8907426519701774
-0.2605195856160569
-0.00042800545156096437
-0.832770749388373
0.43271068872020213
0.14999052141140012
-0.7888907609646562
-0.40918430263215
-0.16399782246196692
-0.8556362427511606
0.5177110525498256
0.24738158962129586
0.2564777701035963
-0.2520227838565581
0.7383829055196567
0.8914382495096855
0.49667327119498106
-0.7617763800310887
0.9286611282687482
-0.6190325963395396
-0.08392666538805438
0.8494738021060098
0.9526952791087981
0.7699201847862513
0.9348462973850178
0.4441224702495179
0.5904960705212008
-0.9558069157488839
0.41133147488865873
0.5845178574061582
0.31451125781962963
-0.0013422358332482176
0.6481932172974687
-0.5406129691205717
0.25986573867940144
0.9910561163724376
0.6019499321057589
0.935538746407937
0.4594458999033302
0.4079273331955362
0.578981559746703
0.4562301450767372
-0.6195156933438513
-0.9484831142481494
0.17587903995274945
0.5490189131522525
-0.6007960588044887
0.9419545321970648
0.5080142204604905
-0.6966482099763159
-0.42746351922678816
0.9697357547177989
0.3596523750163816
0.9637864435624068
-0.6517910957146777
0.8785130835025103
0.743183176590088
0.25066473243671106
-0.9613221733807182
0.7548567230182064
0.7325990693145945
0.7846955254643102
0.8571576800936842
-0.6961840564844175
-0.4036121395875325
0.10718926493763958
0.7603754998005681
-0.1282630202471836
-0.9933283607362003
0.9177552059088574
-0.707519464959735
0.8418904070972235
0.24084270843925304
0.49859712340031037
-0.11782312326776945
0.03426917148644759
-0.9104126817785617
-0.49904296607813503
-0.6206824789325351
-0.247612689241407
0.1823825798784322
-0.8672690568838131
-0.013858581374902146
-0.4474514705913267
0.4189693792928477
-0.16956466934302183
0.9737522286026854
0.6227879455115173
-0.8335335065462967
-0.6357713235097033
-0.7415056237401265
0.5110411391672953
0.7865681627981347
-0.2663313503987088
-0.3795966327577234
-0.8774845518604494
-0.7724377588670983
-0.2993802171301274
0.7364371896557318
-0.8127581639701429
-0.8048773633040216
0.8919848409745763
-0.8718577296693428
-0.3311113491779005
-0.7500486985852833
-0.2828113076917955
-0.14548379616405516
0.4861405285420788
0.09687485936852092
0.3833313162797958
0.8797167827339603
0.00036417779481490165
-0.8716489766550805
0.04507895364895198
-0.025861130939558774
0.5482406567568998
-0.8622875869989933
0.7518062933908569
-0.7872142226783041
0.2473944682147151
-0.8624937193692459
0.089322462834593
-0.618672594728143
0.4386454740202259
-0.15814315399309842
-0.5018987192933315
-0.7843441682343687
0.4712834237709158
-0.8645137117719616
0.5155417583140975
0.36754590452483593
0.823411272802413
0.5626089739824727
-0.27193541042470204
-0.4070568638250346
-0.5857364156891436
1.0
-0.18548395856910815
-0.08707398396822152
0.6225922208417605
0.39058421064118076
0.20756502204801164
-0.22504924381962899
0.9336830309468613
-0.6130359638408855
0.8208081496697566
0.7417713233487209
0.23320989557199723
-0.7566665734653344
0.41541848153517913
-0.4971683071046459
0.40111650404082444
0.9546478835226917
0.895433758242494
-0.12081320320735156
-0.6256366941196536
-0.8320817446404382
0.678413435760306
-0.5186241186168172
0.3296048195560153
-0.44975232115634434
-0.1407389329955443
0.5803249767416441
-0.6400229814755791
-0.01631899172234208
0.5997867776645678
-0.6022845846020268
-0.753120767244599
0.4335918241118233
0.34603251371999333
0.6016537244571141
-0.637948030424202
0.4438663958919937
0.60366727756312
-0.4511160294234753
-0.13253646699611188
-0.80548168381267
-0.6597565057445425
-0.8309648261634826
0.8849332120731399
0.5847561113844162
-0.846252540183219
-0.6555074684226764
-0.6183991492446113
-0.74672691998961
0.0018380279858984938
-0.605759633434499
0.004929189908713827
-0.0537259145664325
-0.11986662659102965
0.37280007113775615
-0.25511214876633803
0.9616339214483409
-0.6664258201227278
-0.8486417438891369
0.4514571287040072
0.5194315427799985
0.11100582112235369
-0.10825567611697284
-0.18131563708274245
0.9293128449962016
-0.5820270812821997
0.47065896174116384
-0.6715253687390725
-1.0
0.4638401957788796
-0.8376851307865432
0.36350921424330274
-0.2845979879021001
-0.8414372191286175
-0.3179027792399567
0.5881334476330962
-0.6347976419467662
-0.3368541535853242
-0.01993742721991909
0.9274334688634949
-0.4397014774990635
-0.7010729801979216
-0.8898839043659538
-0.6832740902124991
0.2562350235927502
0.7632438321070114
-0.5759793836631273
-0.1274673927258233
-0.7404699452274732
0.03485080470552582
0.7718346026731455
-0.1339435282027185
0.48108897514888405
-0.30049017218157137
0.5573365377370276
-0.4746957605922346
0.17603223531400514
-0.7261405632843307
0.9976081756500723
0.9952259353696662
-0.27120754526987967
-0.8420369722291347
-0.7521857214619201
-0.11706628127775354
-0.26555092261260516
0.9386841182239827
-0.14645043942593738
0.9652373818372908
-0.390583570455287
0.9358202784501275
0.6156473644648359
0.6069033985374459
0.6526776633269535
0.9369655747579315
-0.7296384491574593
-0.7434213893867972
0.8190523181832237
0.9728498285568137
-0.4675199880402793
0.276721271696857
-0.2539720188710104
0.18444180706575075
-0.22867980915519404
-0.7964790228837462
-0.9088612605247894
-0.28846837960232885
0.3772350993087712
-0.25964870817384533
-0.1359042191752705
0.45207724795225723
0.07749287577457986
0.9665234441661901
0.9541623905009995
0.9568989418515241
0.7889143130667495
-0.8609698523153477
0.9671703688588826
0.950099493779369
0.5881334476330962
-0.7425100791512923
0.46744096064827656
0.445576104043955
-0.6643144795573865
0.35831988985073826
0.9253588173142901
0.7828425055227872
-0.1932684692867569
0.9635702029938309
-0.9356129443274075
-0.7818008706606775
-0.8413016943955418
0.7913374353937077
-0.23669493654570073
0.9095108096052691
0.15637680623653227
-0.08460503780886408
-0.7803810806117379
-0.8656860381508376
-0.1620091280362821
-0.9999304743144214
0.9023179654294788
-0.8168975086213152
0.005755366651673421
0.07231343495370912
-0.7860333604875106
-0.7077838505025471
0.2651500052606621
0.8969152457389775
0.5477499224471882
0.9635143458386515
0.6249493029396731
-0.7610722504234404
0.29943551646251043
-0.2815690475556307
0.8966819335465666
0.43560283144936274
-0.24843841673110778
-0.6940319087480675
0.7513261914082707
0.30352357136663466
-0.7767612973543845
-0.2663313503987088
0.09410416477032646
0.4709121908280489
0.38299572409546134
0.17069031456453
0.15765103822961613
-0.8164404683060147
0.41642975062077014
0.19425394749151503
0.2968193649853481
-0.3563652974911745
-0.2515825905384631
0.9357993132980493
0.013972658008646555
1.0
-0.6555008793748804
0.9509385491157478
0.9204194274847128
0.27771966218902877
-0.8216933620347014
0.8480945946014498
-0.11951111751222121
-0.7762394896942716
-0.7763238744313856
0.35365244799382967
-0.7245225027971678
0.2726206377014859
0.8332430306204788
0.6763506145469167
-0.12512633399414175
-0.04093836980754084
-0.8001217929328424
-0.5903545145631257
-0.7424682237226794
-0.2983212523235589
0.42073749036845465
0.7522491073529616
0.994872672557152
-0.4438083261645148
-0.4192518435355501
-0.7928118434075878
-0.10583539906065376
0.24826646879007375
-0.842425501422466
0.7706087402809276
0.15570831738741653
1.0
0.3653081740426818
-0.45791869714398536
0.9713678918070714
-0.2540224101115407
0.9573588274374636
-0.27581905509606586
-0.7995480965213364
0.9723875469534937
-0.26858854852207836
-0.7998063422696116
-0.9270525732317864
-0.7564434443467899
-0.48344609094079105
0.5050990160640443
-0.38263912557750035
-0.3129219832350252
0.5850386916842105
0.7443310186663588
0.22042504633265847
-0.7149214365275032
-0.579385846498087
-0.6942969681707679
0.9075517658946659
-0.8429885655068465
0.29469933885700317
-0.7755172402051844
-0.5298318642910881
1.0
0.08598555937920627
-0.21532725354780025
0.2560042571688059
-0.23727956478650447
-0.16795679192972524
-0.2773725728650459
-0.3774231454915795
-0.31284269003484444
0.1131361800756514
-0.7583030533361088
-0.9053654337290972
0.12198407325691352
0.1520449565639581
0.37209099974426074
0.578981559746703
-0.4723697518447233
0.029825907005687435
0.2353058117754525
0.4167332960726424
0.1391831352662758
0.4495325277432467
-0.02231038293297649
0.9122919867795023
-0.7155588520262177
-0.20855251440487987
0.9825854461774932
0.596510523399121
0.19772517767128717
-0.769497695790331
-0.3726771591899216
-0.6534316937403246
0.7596309373996264
0.9095209926791354
0.49882744057099604
-0.11897545787662833
-0.38019144407239347
-0.22529363759242393
-0.6465790091570001
-0.06143165621270241
0.37294847446425106
0.9977757471156101
-0.7569508759026207
-0.7149872521299195
-0.7535171583699596
-0.16556751334826425
-0.8383678459888547
-1.0
-0.33049482395572094
-0.7009777385070529
-0.7278692898242485
-0.5210329397150366
-0.2881379538304709
-0.2770536030512877
-0.7900338858817093
-0.7480137310739406
-0.6621230221608903
0.3705991794228245
0.9954445719556224
0.9319415755646105
-0.6415253592485974
0.8715769126885895
-0.005978080210953474
0.16275799952473124
-0.12280399414824417
0.9458303898119425
-0.3501803530015343
-0.6368272932945465
-0.4753515205990173
0.37538791965961305
-0.5908498162809684
0.7660398346387856
0.26980726404370414
-0.16393118322857614
0.9321909111232525
0.0972543286211327
-0.18842357239261676
-0.28373310050333933
-0.6774868097324527
-0.8586111978310292
-0.7452487270170246
0.7945308773084465
-0.905379061077948
0.954248647126692
-0.25632633057382703
0.34543021485100955
0.0002810659419343331
0.8644210570311082
0.7597850312673997
0.44908746751484796
0.0010058611994880895
0.9226016003138604
-0.006733125187934119
-0.6044314910503575
0.9997735763575575
-0.726722121627866
-0.8299848550549221
-0.7890861861322405
-0.2410520941518548
-0.75994327698404
0.8907914745680792
-0.2770536030512877
-0.772459098396892
0.9461306407399166
0.42107832384080846
0.8993960222341504
-0.5968245102454837
0.12755691018141935
0.37670378245468017
0.46439262753613497
-0.880391669698237
0.8569227206393242
0.9780574225819034
-0.7762449556089205
-0.18388356871012523
0.5029008198686657
0.6140567084264605
0.5966689600483963
0.25145511867005177
0.2303337762090678
-0.8250036097967318
0.4607357060093862
-0.25524385484671386
-0.27423566198537463
-0.7043889933767734
-0.34407447708544536
0.9472037570241378
0.8207322258690168
-0.8194131022440461
-0.2447958713086411
1.0
-0.5834679862343036
-0.03445160200352049
-0.6479191316280433
0.7061750408887386
0.3798615836108863
0.8691403127638666
1.0
0.7716710744869373
-0.7076390412021227
0.9214088329117083
-0.44823406976818125
-0.2716190612549536
0.15306491121255283
-0.23689994578280638
0.9910550681148338
0.30241241830650045
-0.8694956309100401
0.03889468303920007
-0.8270983279914969
-0.7575969020887957
-0.8205588478051089
-0.35710656536821817
0.3974531432173658
-0.06836423300055283
-0.48998781739347297
0.7547864897587451
0.9931761425007826
0.1493787882239812
0.7636017372032002
0.8580091647702235
-0.7412158553881913
0.2818216439441763
0.4359093719229603
-0.6104965597954375
-0.5791714778180894
0.900682384065222
0.2584574794641048
-0.6121331894172981
-0.6039976621534291
0.8341085918991278
0.3672326252523561
0.5244976220285615
0.4358171252538172
-0.8526848734673798
-0.14254403258946036
-0.8331108341052955
0.43577444619422967
-0.5006478484697061
-0.7494309753544136
-0.9254181524384482
0.30744824783563685
0.5290479585360057
0.07775568893098628
-0.577319805636343
0.9998914304624531
0.30300408484835906
0.20573087074335894
-0.6591492650897117
-0.29750825367619116
-0.6299740845824198
0.24725549920665535
-0.6452909251884362
0.3665533543250288
0.7477460921887791
0.07078717188243067
-0.2770536030512877
0.8955883013635262
-0.10046607386239093
-0.6335228858248806
0.9170832727847573
0.431177537098955
-0.49850528480287737
-0.7922502019585267
0.9608424869573964
-0.810415832354228
0.11615905550312688
0.21063566807200762
0.37005603223291805
0.9360844393663101
0.24651498008504302
-0.819864901271327
0.5749655351150751
-0.7734141359495882
-0.8691875180500366
-0.09651758697067159
0.865661595029781
0.4225026064223363
0.4197139416937894
-0.4651534716239316
-0.49970853478106847
-0.8544604720973004
0.748128855965289
0.8975331187209334
-0.7359272460254288
-0.2892960538561512
-0.690427025723798
-0.7838034170618424
0.09952575309769807
-0.7929359121825637
-0.9107588314144781
-0.14932700804212562
-0.44778728740229046
-0.765897529925279
0.35744833852863844
-0.2870828076766023
-0.638982510928165
-0.1632351401795864
0.9030656726032322
-0.7768977205939778
-0.8659092421449252
0.7603145511084555
0.5881334476330962
-0.9621045104931719
-0.6956258593103408
-0.8593488716820024
-0.6465876947200038
-0.7538247471011611
0.05825285621042409
-0.2779669349264572
-0.22067037230596553
-0.7636887762783183
-0.7475089201621196
-0.6286576976585506
-0.646297027861551
0.647421100696653
-0.9174388155575602
0.9723447181428202
-0.02108811456682891
-0.4459261060265657
0.9709372076829548
0.1541946334073847
0.43227880658739526
-0.8349975480412295
-0.38818418367550267
-0.7401157839084412
-0.5840431052811291
0.9496035181816378
-0.24998205092839387
0.7571438713588301
-0.6873208886923556
-0.6815651308159694
-0.13957985958780328
-0.7861972630514348
0.881580135500436
0.49967368395951595
0.409335143157574
-0.14431963121938085
-0.18006521551237575
-0.8880527480830265
0.08360257034336871
0.45577055899297014
-0.18800426935105674
0.08156820183637103
-1.0
0.906555471917702
-0.7983297965589751
0.9874626893062679
-0.01942992078854522
-0.24592244873066116
-0.295385307401664
0.9598747954379103
-0.6334924114788243
-0.7283102318977748
0.6481541322639519
1.0
-0.24298762694191334
0.02468929499549044
-0.16832068706936487
0.37268086927308386
0.348184436829714
0.42767785421279125
-0.8037104279642513
-0.5145657144277747
-0.2836240068369906
0.8141400333002613
0.7676550498553094
0.9074947107307965
0.8264682914775585
0.7547168555036288
0.6538142740717539
0.7432629939190707
-0.23423257943413933
0.8530663306656618
-0.03460674412889775
-0.6301263814371578
-0.6992065575341774
0.345525905795137
-0.8890556311077864
-0.2663313503987088
0.0011955958257940935
0.7530050508364599
-0.32679567262264353
0.49966559740085725
-1.0
0.8818447456698777
-0.5029695893112587
-0.40098610453867634
0.5272202465280627
0.9935572590153434
-0.9904467005830789
0.1496493884368737
0.3508786086228237
-0.12288920251633262
0.8414086578526883
0.27137036588220553
-0.25562279997052373
0.5199541740710858
-0.7205713952614388
0.0035177859206054762
0.447664832195269
-0.7529825469919704
0.9834005413400686
-0.7508516639098709
-0.6511676819425298
-0.3965319831041615
-0.2319061963089124
-0.6568385309530002
-0.02478711614882001
-0.794259037905315
0.29176137229544374
-0.7564740684439324
0.4911270899638318
-0.6002434024206039
-0.6104807610558358
-0.8572131965651422
-0.9693968642657895
-0.154630442762429
-0.28879214145084775
-0.8008125198182694
0.5667828362590306
-0.49658427786818726
-0.49671508544204535
-0.8123321221297006
-0.622532653603419
0.2764605550556585
-0.696681829095184
0.5043426233272872
0.9386336521079091
-0.9332182747068407
0.05725356721173469
0.15637680623653227
-0.6465951073987742
-0.5951759754122643
0.42063970290911956
-0.39553396698970544
-0.46232669524392855
0.2905149940044065
-0.5949671475224588
-0.4951954114185627
0.37280081989318736
-0.8109986635819965
-0.0153285380377427
0.20474086631201827
-0.2676928123995457
-0.02946923361218312
-0.7528823635152548
-0.6517824850272171
0.2203865603034867
0.8254062567737213
0.09614751834250046
-0.2606609506414972
0.9844856377111917
-0.4307731679844734
0.3565787339706601
-0.2770536030512877
-1.0
-0.15162568721639236
-0.0032124771496923055
1.0
-0.5773853966121298
0.9132063669122759
0.1603838458029836
-0.3982189290910094
0.10783978365640268
-0.588624664890061
0.3591227054242394
0.7724452876029606
0.4195528095249612
0.8896049967115505
0.48779467904103324
0.5511572089131225
0.1382253273184837
0.6049958692005202
-0.42725356820383553
-0.5805815340464214
0.9164074461324143
0.7513922316373163
-0.9686457128170519
-0.5903253131013027
0.4100157618446778
-0.7573061603547997
0.9315266153045525
0.8017509761819381
0.31544974787729285
0.4393096200878399
-0.2993802171301274
-0.31148077878074876
0.8838924420235534
0.007412212670180773
0.5113976965037077
-0.8052804932282643
0.9973747137065752
-0.6386776925920596
0.5940665856711711
0.14999052141140012
-0.6209961325827307
-0.6027267246842434
0.5997867776645678
0.16219628320012713
0.1030411598479204
0.9977757471156101
0.42114541232745806
-0.6504781530657928
-0.9647678710002812
0.3955523526793223
0.7414791589794052
0.5957945634556572
-0.2515512925614324
0.13873013823030478
-0.11854147922861358
0.6583514324836062
-0.8836565428811272
0.1645048459460876
0.15549492208947968
0.25964844985322166
-0.4576709339717492
-0.7171855232008413
-0.5274780767170735
0.91423920015429
0.578981559746703
0.8579447718031268
-0.5981643332143542
0.5085443393058915
-0.7631237654298161
0.004996428146449627
-0.6396695689119785
0.36465376179567555
-0.12019652823408566
0.41814739558030367
1.0
0.4109337360035217
-0.7766756397330372
0.42572854432279583
-0.502884755320886
0.60366727756312
0.3646031459285157
0.5010506451977819
0.23574503171148664
0.6248706836193807
-0.5156049869664985
-0.38494813757671986
-0.15866144250268388
-0.7890022506483853
0.2923903268577839
0.8611978146502015
0.23574503171148664
0.559994170265087
0.4301300282504863
-0.755544263949273
-0.08714960826678853
-0.08572337892113924
0.9786549294161264
0.7907289967301869
-0.5639114677493131
-0.016487012441138593
0.02628279630450492
-0.7754847442194635
-0.5778110640748565
-0.3338912534679005
0.06538370343649791
0.357196606952616
0.5027140802640853
-0.2993802171301274
0.529229007599308
-0.6029398953555507
0.25457832732532903
-0.8025546490804083
0.9936809534126037
0.9955501464714438
-0.8203872330602419
0.7738367746965948
-0.2909458615736037
0.30326375323195376
-0.2391140155933298
0.3527042241155589
-0.9387789069178153
-0.046824785506698996
0.39048866944813954
-0.5129022044859282
-0.23887591136615816
0.24470074567486444
-0.5001084450569564
-0.8309526214499514
-0.786278503015737
-0.5162612711020831
-0.7252768738942602
-0.61911451018373
-0.15058985895265276
0.3818216755790933
-0.01550913784778607
0.7449463458798482
0.9607511387947707
0.2548450340099786
-0.19258305856489255
0.0064385311072436835
0.7543003977327079
-0.5927840013112504
-1.0
0.009521756222486744
0.42235135782520206
-0.8445864844729061
0.0990519406607353
-0.7279412452212018
-0.9209976126850297
-0.36278415317757073
0.9738458230316052
0.9212309286212177
0.5120953868146463
0.6644518424850463
-0.9188988512109353
-0.38949809970644844
0.023248539794472833
0.10848625909583665
0.893880240473514
-0.5171687626848881
-0.17382883152460127
0.6568467335687507
-0.2989324613821758
0.06755329717439862
0.8254523801082929
-0.5499031521351367
-0.40172100799455346
0.34988321315237725
-0.2312083562468874
0.9886076861118995
0.9265018673558003
0.12217710240711743
-0.7490118220639399
0.995059262410646
0.16319242742600482
-0.4431244129535131
-0.26274234098958404
0.3519563671907193
-0.9663577408454536
0.5076925551271796
0.026189351626671575
0.847839868003702
-0.7629594884881763
0.9984066484420717
0.4823690474343323
0.8979423884397133
-0.0016066962516035899
-0.01615875806003164
0.617401698440506
0.14556897083814913
-0.7324902339688697
-0.6284616734866213
0.08563454283298588
0.007459234511270063
-0.007905825944525824
0.9290706974897007
0.1776369679544898
0.5688601833277882
-0.07349290820317744
-0.38775305029812723
-0.6096751750872387
0.24720323607754646
0.7833853532105213
-0.6805165737098966
1.0
0.9188572241527291
-0.8853452858810102
-0.9157128219749671
-0.16671550517562117
-0.8262033406243955
0.578981559746703
0.9200872795753627
-0.5430656672870686
-0.7670411789711341
0.2832201693388654
0.29405106640453416
0.9754123691450907
0.8070636954695902
-0.0950832710663636
0.7391038072489675
0.9603405213162144
-0.6709569136155862
-0.6701149381330249
-0.8670108860110811
-0.2971742338782627
-0.80915582671434
1.0
0.9235471286725783
-0.24963777318105584
-0.6270832896130357
-0.6537484921633319
0.5580676225402048
-0.5747437874503015
0.5016261386223231
-0.7308545777290698
0.9173177829858585
-0.7829997778573667
-0.14701440201683558
0.23679433757299062
0.9620085986661921
0.5016793002579494
0.2512155169320174
1.0
0.5670700588424993
-0.27296255312543793
0.5871620123364534
-0.8271396592913077
0.9998914304624531
0.437006448380985
0.3534654088870768
0.3830337608713743
-0.6694005505759669
0.7603897261537638
-0.3369534385555223
-0.7641873725200591
-0.9702303039364333
-0.5864201042735159
0.38984893280758803
-0.8702724646700732
0.5093068718371858
-0.7440802941663915
0.9481660575045183
-0.27939166676124383
-0.8383487527253551
0.2745762371371048
0.6605433391333613
-0.39002881755619445
0.4790978847058187
1.0
0.01042595328139373
0.8766792317000303
0.9985131214644107
-1.0
0.5909376864746154
0.0340515831580952
0.8841112283605961
0.40983860630961866
0.5050909295053856
-0.7470211808741334
0.5092131276571799
-0.9935754874663199
-0.1423529502033779
-0.4250998480810796
0.5061907014829632
0.9108317639372694
0.8729102963607505
-0.29840938083782964
-0.9724144984052455
-0.9633014709257396
-0.40127999104548406
-0.2848830390948178
-0.2643651935115078
-0.7251542277546039
0.8873470498327494
-0.6526922977518594
-0.7595417194462031
0.44080173991144855
-0.27569895472487616
-0.7081469220112123
0.9254253067965947
0.26695720136978585
0.38038900693673416
0.9386844177261551
0.9284710941402698
0.7444630991244501
0.5400116848151975
-0.820931278756666
0.5556346166415527
-0.284717040015686
-0.2770536030512877
-0.805932958711149
0.589484951186696
0.19603358940076498
0.917086417557569
-0.03221072674855452
-0.31972218006261166
-0.29423926233842856
-0.8188520597993301
0.9529055296339233
0.8855617173822212
-0.7064467979287725
0.9368547589540905
0.9759700421903656
0.47394180505440664
-0.7813165756476756
-0.9243530478373425
0.9240567316191599
-0.6668579268821639
0.9085964294724955
-0.28081894436449695
0.45929435180402356
-0.6267822150540869
-0.6808242373166413
0.868536366632934
-0.018336438356591045
-0.7662316994742938
-0.261029338313725
-0.27880658926718127
0.8916502970478459
-0.8937527611175483
-0.9174330875785104
-0.41428654676804766
0.27608273306499553
-0.7479878241360156
-0.8372949543312629
0.013420226251391387
-0.42021002586105793
-0.8565234430617759
0.9913824239894231
-0.15303903796862228
0.7515773239799479
-0.2488572705194091
0.5128652571491679
-0.6158475404856321
-0.7077290416049717
-0.4973396223473404
0.5812326180755354
-0.2495218658402817
0.24942404468695223
0.9839880148515117
-0.6512716840719452
0.8873692129935176
0.5079577643009663
0.7565101247617294
0.3731877767001128
-0.6538039749407956
-0.9062168060923219
0.27084069629006335
0.19278698585039988
-0.5889620540874305
0.9998914304624531
0.9881501965433401
0.6964949809210659
0.9342862283223627
0.3266127928523117
-0.21500543846340292
0.39026823584914805
-0.5706796178444375
-0.7955267557261461
0.7394988506145517
-0.40221743284554334
0.1551855363452428
-0.696081701616951
-0.7144230649123919
0.60366727756312
-0.8489685007593812
0.6315630596648518
-0.9178983267657842
-0.7326652181131779
0.812685650750393
-0.26547230329231264
-0.4112442036993569
0.8922446591092572
0.1053804215665668
-0.796371351852717
0.3675421607476792
0.8092588966432435
0.783382957193141
-0.2517664848724045
-1.0
-0.7357545830229579
-0.5073797588019529
0.9427104756805631
-0.4442540602728019
-0.4704771227408816
0.994655982735317
-0.6941961108141641
0.33281413508589885
-0.469041908330056
-0.7804074368029217
-0.7365195115716324
-0.24554822076606886
-0.6385371511975938
-0.760474593838131
0.38342610871740557
0.456040260699345
0.5715095795461027
0.8548712805084917
-0.5244148433718478
0.17743720000540386
-0.8476230621247753
-0.33189963889603336
-0.7555639562171177
-0.499106385663171
0.1541946334073847
-0.25535774054782323
0.8037973247758374
-0.5845359361060485
0.7022003475569218
0.38520395361362025
-0.6551193136070608
-0.13637084356009233
0.38363576023818546
-0.29750825367619116
-0.13130446480935665
-0.4578057099493935
0.7476122147176525
0.5190335043926888
-0.8726828581546985
0.9338898371970021
-0.7659395351049781
-0.5768537802558662
0.5499193664340027
-0.7850010513742984
-0.828304423240327
0.008528457267248157
0.5001805913865447
0.7515536633083171
-0.6361337960140233
0.19547456859571355
0.16242330584691467
-0.7647034896388937
-0.28300815549469927
0.9007353959497622
0.5031622852652955
0.3206291886981636
0.3469666609961546
0.758560516634958
-0.5176228828540063
-0.07964662959133018
0.7780217185535367
0.578981559746703
-0.4371387871597002
0.9354237375736807
0.9648471305064674
-0.6165978683033951
0.16913919281293022
-0.9131676899504692
-0.008942103461524242
0.35412416391558477
-0.752425098573325
-0.26768914349793205
0.6141145123457612
0.14426568713432886
-0.16799662571867346
0.9048770617427715
-0.3820647552861062
0.12413375010034033
-0.6685725768199722
0.5577089686885848
-0.9783665799557336
-1.0
-0.7547605416392713
-0.8181948022816847
-0.44586036529969253
0.9173724421323475
0.5111080779028587
-0.7350787563706148
-0.8583465876615876
0.7913798149511226
-0.7154416718012102
-0.24914703887134426
-0.7564668803917913
-0.6017460048202516
0.489301773973269
-0.667450941183799
-0.9064049308944505
0.3795048765233877
-0.15291788933982864
0.5075748507733702
-0.9373349695062144
0.4420207137536982
-0.007672663503201171
0.14999052141140012
0.5954357598529509
0.5851577437977962
-0.871828004078718
-0.7074720687409299
0.38765777491326414
0.11667015596057118
1.0
0.5700766114015712
0.9077265254123448
-0.2993802171301274
-0.7000679257824107
-0.7201243882689186
-0.2987939416273747
0.9249884828779409
-0.771269176265379
-0.2708447732633871
0.04545437962223464
0.9841436062301476
-0.2770536030512877
0.3614035642192399
-0.5981622366991464
-0.47692248436954787
-0.5357116160669071
0.15637680623653227
-0.28393129606601963
0.8353998955160464
-0.017210459938916012
0.7678850675238225
-0.5115356509481581
0.8489923523636471
-0.5060031719414025
0.23512626022301286
0.7743941482396972
-0.019686294648241898
-0.9395362355988616
-0.7746802065084701
-0.002013569953003058
0.9193463112004916
0.5871705481483709
0.41013346619848723
0.7592625497273986
-0.04944183549037884
0.3412964858655725
0.9676244141524577
0.47470433758570074
0.7553458100659689
0.009499143808459731
-0.15495120958922237
0.0006732640368791731
0.5710501432134218
0.9103476186753539
0.743767355577633
-0.840530551176787
-0.35781840715680957
-0.46243870905645956
-0.7957989283254444
0.1435970485341267
0.5162460376728322
0.578981559746703
-0.7703148125925712
0.2693458809469018
-0.7516543297322859
-0.9781791664712649
-0.2606783217675047
-0.1437260179134009
0.9131957345851507
0.11994042018256712
0.9465270318652772
0.4549073937317014
0.3651407523282302
-0.6224216131729488
-0.3400249830860359
0.08379320347619212
0.012435612859156508
-0.04214521381180247
-0.6431791353698362
0.4752921105993162
-0.8044918291324157
-0.03575323844539191
-0.7889090305971813
-0.3606811986730608
0.23740577125823692
-0.7585333705067943
0.609944244095274
-0.8554033049364654
-0.8501583480153511
0.60366727756312
-0.7732191600352627
-0.5968242856188541
0.9683501079165293
-0.27880658926718127
0.28379731002535546
0.9978485261435381
-0.717330407376809
-0.565282888197387
0.2786639925390564
0.9055702595211221
0.6198511769586479
-0.43899644938489757
-0.3865599833938026
0.9676744310152725
-0.8561062365354236
0.9984066484420717
0.972697232199903
0.470831175490376
-1.0
-0.9537837036978135
-0.03342116477888668
-0.6836407557472347
0.4841109520698419
0.5060044111316415
-0.2581544169594857
0.9325600475509117
0.3623582273942205
-0.9164541272897824
-0.6299333522869539
0.5027232150803478
0.23434411029941726
0.11533153100039084
-0.03236137634134362
-0.8421355084439013
0.9920456715505195
-0.5159839320903084
0.8818089551602588
-0.004280651648066569
0.8585308975547934
0.5190929555739385
0.7939648182023404
-0.6325859681536232
-0.6220519526164876
0.41384714338693285
-0.16216427016165935
-0.399451680033196
0.9994469692383996
0.2009589026282328
-0.9223667119912664
-0.6014225424739053
-0.7888271916285339
-0.5429069311356209
0.7547706161436003
-0.7675607403649529
0.36646859521019914
-0.2456445107145414
0.9389987452562389
0.5039929545408433
0.4711793467659571
0.550089483668007
0.07081772110402995
-0.4006869767438491
0.9734152886585747
-0.47375345188187146
-0.7028715656195847
0.8398990171519858
-0.594310788511331
0.7526826367477175
-0.7880837523607394
-0.7297667109628508
0.9173766351627632
0.9800133215196947
-0.7736770988570808
-0.6502864716753655
0.007288518272920541
0.8524155124447261
0.39995533411787565
-0.7516717757338365
0.38139907801363515
-0.7960418245873767
-0.7406608029869262
-0.3092373577573162
-0.15146949683341127
0.5175630984765895
0.00797827177628685
-0.2619904407854151
-0.6876372378621041
0.8792814563261693
-0.7332908032760768
0.2796825994278749
-0.5943787755044982
-0.32690506579116485
0.9543417923023527
0.9881561865867912
-0.6783113392134632
0.15192260992647433
-0.8299557284686423
0.7959747772822758
0.9866803896315859
-0.12998036570454452
-0.7713606741790909
-0.6027822823372501
-0.8124476550927591
-0.8599564867145488
0.3968327244669434
-0.6962789237975706
0.23574503171148664
-0.26370793599386244
-0.23477962015228893
0.6490932213259601
-0.38125123250993653
0.7914284840541608
0.0013919194998959217
0.776046801227789
-0.5370965889882886
-0.9005696551912541
0.5628063459141786
0.8669502031271468
0.898923108303705
-0.8157453237635426
-0.8029565809959609
-0.7736820406429278
0.6411653988187496
-0.5129579118900212
-0.5548720429287097
0.7692525944436532
-0.7827962661311239
0.551378690769718
0.4404403905402756
-0.48927238157881114
-0.5978180338273515
-0.7130193731052265
-0.9568569703658193
0.19210936218502161
-0.6333061211275026
-0.6258990580228011
0.3261581485543916
-0.8585828200001808
0.9633225146971378
-0.8286315544882871
-0.9550477526170308
0.24855144510724836
-0.618981007090319
-0.16452928906714437
-0.6007319653395645
-0.7278802965290894
0.7531233541946143
0.10197687887778928
-0.27880658926718127
-0.579086793578803
-0.5738610796722745
-0.6137633797424491
-0.5829126343308659
-0.13380830297181534
-0.5857457751320355
-0.5723265802912509
-0.8455618881733351
0.1244793756074547
-0.2608724740508557
0.9924231940390098
-0.740513373042492
0.7379363477803953
-0.7315111613668269
-0.3959324546302737
-0.7857972779000038
-0.295421172786826
-0.42395462664881867
0.3547802234245401
0.7971429855062793
-0.625295411394041
-1.0
-0.5977456291771392
0.911495161249452
-0.10415519187268807
-0.271500608145713
0.9665613311910168
0.47646346359613156
0.408112126035995
0.08611449506448587
0.6120479473552154
0.25748724217615204
1.0
0.15637680623653227
-0.2822635182182145
0.4915739472052658
-0.8744196712532748
-0.2995953345655563
0.16508408314778578
0.7570294615289188
0.28169435552084554
0.5187131868191543
0.9643686757858303
-0.25297400275655435
0.25132034269240755
0.617034958030227
-0.7554840640125919
-0.542379657560859
-0.601937611335136
0.00877719382154507
-1.0
0.578981559746703
0.9056401932784108
0.017798498760709602
0.4236200490280939
0.4339516759721336
0.1559082350875889
0.12313461085273714
0.9985379801447318
-0.7271536293829572
-1.0
-0.2542321365078639
0.9453979086747906
0.7665512345984027
-0.4540530974785173
0.6842934121627544
0.5269021752208223
0.5139121669932916
0.4498221463440957
0.60366727756312
-0.6601224225238468
-0.750591920650733
0.886777396700573
-0.9271888467202933
-0.7001399560549073
0.9998914304624531
-0.3968144885284126
0.8397859550818509
-0.7048508257268346
0.5911747424441831
-0.4959290419902065
-0.8654494314345287
-0.6806887125835657
-0.6262708899700131
0.14936561012838934
-0.7749970049314774
0.5150378459087941
-0.7944973667591161
-0.6224913971791511
0.8764673339129561
-0.17006393946465082
-0.45682656247180764
-0.8772844844091907
0.2928436233959275
-0.9360107955258591
0.789041002485735
-0.003755774090685171
0.3834975399855569
1.0
0.915532899788589
0.4793259556102103
0.180043467910872
0.014615838924182611
-0.6173467734858387
0.14008179153499078
-0.2570932807621662
-0.5028771928910292
0.9764279810121836
-0.492015746603761
-0.9250242322060112
0.8665288035703789
-0.17351615125646647
-0.004692616886399326
0.5215764275886643
-0.8331046943107584
-0.9090555251214552
0.9998914304624531
-0.5452285971016303
0.39508887306731233
0.39721084595977874
1.0
-0.24947933653178067
0.908465996276353
-0.6411892429354612
0.976226266298976
-0.11401031086021207
-0.5858920070677796
0.7717215406030107
-0.28571535563231454
0.4365539005982726
-0.15212525684019396
0.34781395264227855
0.9924922292897809
-0.4874119489585178
-0.7009810330309509
-0.751209793632689
0.4697643487517782
0.7470903321819964
0.3013072552898173
0.9585884336068384
-0.39726501467146025
-0.6536268942812795
-0.2776541797827793
0.771802256438511
-0.84500683577207
-0.5005042371779718
0.42227872854836046
1.0
0.7578827432184936
-0.3982375731012502
0.2661272808496695
-0.599484913168639
-0.05369102256333125
-0.02372193667217115
-0.23434534200210166
0.41511493608330685
0.1586248695436392
0.358564133872447
0.8072673569469195
-0.04415142911458103
0.7376353480969897
-0.6380868496811756
-0.21293782521525295
0.5062142124035078
0.9827552639093251
0.9661841082046989
0.4413191299145165
0.9074262744843704
0.7467415619020703
-0.13968213957972664
0.7762052378770641
0.9171301448747604
-0.34509031357916775
0.9672645622921474
-0.9726725195268912
0.971786895346459
0.9504553023603499
0.7503492153214357
0.7908428075557532
-0.9105525867309108
-0.8825954815593509
0.578981559746703
-0.27880658926718127
0.8984167998810213
0.9855565077291186
0.9181294338734498
0.7562236509336921
-0.8145709757450019
-0.8666410757035338
-0.8962510959275864
-0.5088233592736096
-0.00838757518906108
0.48665522302559383
0.49899800705825914
-0.7117565221946993
-0.02634527620147442
-0.2770536030512877
0.09925799815544467
-0.49739308348513933
-0.5719767617537208
0.7960294364287648
-0.761295454417528
-0.8246807464547306
-0.38885581729743013
-1.0
0.22215257486388595
0.009752522646431006
-0.9617349996877971
0.64702441006912
0.4148067483477602
-0.2993802171301274
0.6114916220697169
0.10376475709678412
-0.004944348462421644
-0.7992154993587275
0.10884311593442142
-0.7027610493179165
-0.24577120013352705
0.9718697076971672
-0.6248544693205147
0.5881334476330962
-0.4119874932160652
0.9685864151306656
-0.739330039958775
-0.8901771544306449
0.6189862146843441
-0.7981026241611012
-0.6827869499288581
-0.7825855663527399
-0.8028698751170097
0.44497545243692005
0.7424166007794646
-0.6045268824923125
0.9078344959455464
-0.24191091663162156
0.7529198424683714
0.03927310403420803
-0.7235790709536577
-0.8304526774484342
0.3677607973336354
-0.868399452958533
0.9727590793985332
0.5244320310527746
-0.29750825367619116
-0.8382011730298347
0.06695758735321089
0.42830531126426874
-0.5272230506171531
0.14999052141140012
-0.8628094695346493
0.00017728843914821546
0.60366727756312
-0.4952088890163271
0.8154749144832851
-0.5810669521925704
0.9887542924253592
0.41864052590739553
0.5037036354421669
0.9591204992163609
0.20896040266988902
-0.6715687965540913
-0.7441338301797337
-0.5950502593753395
-0.7936100915729578
0.9006016682297218
-0.17372175949791724
-0.18636045167705495
0.1809252023068384
-0.83725691755535
-0.6011819673538102
0.26403930145378673
0.9977757471156101
0.5024750775303959
-0.18978061673640867
0.9223552597769438
-0.8092648455051457
0.7511136946168515
0.9997735763575575
-0.595681085826258
0.13203566566962577
1.0
-0.7556492394607492
0.865701428818729
-0.5974837145272505
-0.2800691406755358
0.9811770372111102
0.7451598909288712
0.9326686170884584
-0.7720607605074099
0.5997867776645678
0.3722010667926703
-0.6524507492497036
0.15637680623653227
0.6213157425823828
0.22515583289905994
0.034334912213320745
-0.2732887858668803
-0.7906283976942069
-0.6233639218833118
0.16715469141766093
-0.20631493367381182
-0.5949577880795669
-0.6141522833134961
-0.5079175898282968
0.8903531531385624
0.7939477465785054
-0.861652417766573
0.5342958356033025
-0.013449311656122287
0.3675165533119267
0.1583430379992763
0.8209132749323189
0.22104741184720278
-0.020229591589234652
0.6360849434659044
0.7460293457357632
-0.500416632792503
-0.29648620251238855
0.9435038569356291
0.9667392354815072
0.9237575289487896
-0.7370765856125623
-0.18220545803736732
-1.0
-0.8582535173614698
-0.14159565896010318
0.1541946334073847
0.9838557846423339
-0.4506417677332536
-0.06046231743126729
0.8414784418588908
-0.13767173124653242
-0.799155074795417
-0.022360549546877384
0.8977851497991283
0.7549086866451424
-0.011982200263920939
-0.5939793893574123
-0.35612674401074407
0.3583968619090818
0.9692212099853703
-0.2676123211906748
-0.7656838351251697
0.7720261343124868
-0.47005182965587067
-0.38409028847901383
-0.4982330373280359
-0.5898391461997224
-0.782112802173381
0.15637680623653227
-0.4728249951469885
0.2489488844902128
0.6031756447468908
0.4856102599455916
-0.7303196668489081
0.15549492208947968
-0.8288218881189381
-0.8549348086630651
0.7819901223397303
0.5420286821961875
0.581904401448549
-0.6297241500194328
-0.5876875974677174
0.09173854686049654
-0.8104708658784328
0.2002135914718599
-0.009058310304470907
-0.49961606348529586
-0.7504916622984743
0.1887312771809102
0.24733950956605355
0.6660380059908333
-0.825315391558349
1.0
-0.7328801109219774
-0.8876272678091578
0.842874271734027
0.8032986536585536
0.9140660878985603
0.8814859420671712
-0.38205517121658483
-0.03513611421886731
0.0042282050738771115
-0.8790011559866635
-0.6327441053007259
-0.658143162416597
-0.16938032575582163
-0.7988259219077923
0.6265630206453343
0.9223004508793684
0.5750962678133902
0.5384226760387709
0.41466268780276705
-1.0
0.8207732576666553
0.795861265958882
-0.7618273702759641
-0.8719585870259466
-0.7725642236594545
0.4203056082356478
0.6315630596648518
-0.418534086579051
0.506458755927389
0.987430642573806
-0.27270026409783354
-0.5156555279581151
0.7691928437602309
-0.3865826706833727
0.7676785607758541
0.4570340089078424
-0.7261446814392033
-0.4507704787919039
0.2232095180307898
-0.77344378666467
-0.8946436303297771
0.5786947864164931
0.44428854420419306
-0.4214241327930037
-0.6530405439029836
-0.2770536030512877
-0.43863285374743044
0.9558523315095728
0.9393942378750817
0.8547594164470469
-0.282601431544386
0.24823562006630184
-0.7522061624851961
0.21697942358863886
-0.7038736998889134
-0.68126046223095
-0.6042061905410621
0.9859121665590134
0.3399006559904363
0.9977757471156101
-0.15224895123745408
0.21508761811577148
-0.5839176138708337
-0.6913031444540291
-0.7538850219133854
-0.7659434286332212
0.6315630596648518
-0.8656372192967131
-0.8229554641897971
0.5727258578687993
0.25506456910245245
-0.7830576566522107
-0.8332248695574912
0.49185967227787164
-0.6258427516143631
0.30481352722377686
0.7588432466858386
0.9610572300151097
-0.6282306075605044
0.2551529222433526
-0.9952455490181906
0.4403842338829238
0.9954291475937365
-0.7161797200298992
0.09234264274251558
0.7565393262235522
0.3287173946187707
0.0018504573260591517
0.4316523977935218
-0.7781056877313863
-0.31058953519080423
-0.7379592933905892
0.971056559298713
0.9195868114450434
-0.8319854546919656
0.9934957113188858
-0.8128982561113498
0.43522381145000955
0.2707557874241475
0.16870236889427637
0.7754746023271457
0.767046311689616
-0.3929512100047817
-0.13094985423706595
-0.6986876700202468
-0.8051748438368997
-0.011418686926281452
0.011831516977137468
0.017768398792369133
-0.4788044811462643
-0.26474406375977455
-0.8721326726637372
0.7911950221106636
-1.0
0.22510342001886485
0.60366727756312
-0.6844743451689648
0.9570575282518856
-0.16414173325587378
0.30653072293005157
0.29923544901125165
0.14999052141140012
0.5094483866137123
0.2817313440391547
0.7408514024257553
0.3735832693189558
0.24829417274103394
-0.21890300998578993
0.7460552526736881
0.049900489373633894
0.9333510327885974
-0.5988799187801024
0.0012956295514234828
-0.42899270244424903
0.9087216213806184
0.8512708151412671
-0.8127896116982598
0.8766214277807294
0.08021490126973596
0.9172751039262712
0.8795619401107557
0.8975106560579926
0.11757959430749776
-0.2641864655900428
-0.2993802171301274
-0.6497642147619938
0.9339088555849586
0.5579884042155672
-0.7097269457224624
0.10594678017484527
0.7502861701141155
-0.6639460170096156
-0.48065158591987955
0.17702089198556914
-0.7942624821802993
0.5829011446787717
-0.29750825367619116
0.49030765201975446
0.8434861546725321
-0.5946203988821972
-0.24906063249456567
0.5764807166059696
-0.6337153159707394
0.02188295963876352
-0.4334865079166258
0.9624058882980704
-0.29750825367619116
-0.6064141205570484
0.502002313351037
-0.8018064926533961
0.0332116293151985
-0.8839198427285639
0.5010873342139184
0.01059187748498247
0.4598401945134829
-0.8311441530892926
0.5504878215574891
-0.4263811932507613
0.5134651600007714
-0.8683226306512759
-0.5428914318981918
0.9043463438930255
0.4577072897917187
-0.6261285515625121
0.7533574151424567
-0.08617293168212614
-0.7229962397258891
0.12670632401139748
-0.14676851073317787
0.7527639515875628
-0.333715520568161
0.42545045655558966
-0.870476500525118
0.784599984271269
0.07432324428255832
0.4571370376551971
-0.7325736453239229
0.3118671028893347
0.8828542177424334
0.27197925379898535
0.013945403310945181
0.48230914699982375
-0.1491983718590184
-0.6320837778858119
0.4415711609927113
0.5015226606217096
0.8989493147438026
-0.6132060810748899
-0.7375008304399693
-0.249968872832802
0.9627616968790513
-0.2526375869412455
0.8013027711807277
-0.5820565073706521
0.9183423799181278
0.9786025165359313
0.23843860450025112
0.05787683123279641
0.01891324584691434
-0.12976127986532937
-0.5041726895383635
0.6562206242770496
0.0878486126435094
0.8024555550428454
-0.2523170447410815
0.24653309996648187
0.5915035958296351
-0.6178519587753755
-0.6986198327781659
-0.43198308188600365
0.753761443573217
-0.6144882498755462
0.2890466846035149
-0.5811642903986468
-1.0
0.7589678395896164
0.9137009947502304
-0.5282805927884022
0.4284579076211792
0.7630479576861684
0.9166489946345702
0.2081361726910509
0.9035671889911552
0.8992834094172741
0.705823275587087
0.9519176217177905
0.2777714760648786
0.06600427193800673
0.970027619584942
0.3934991155354546
-0.7286808658362965
0.8960395013864619
0.4590941346016786
-0.006874040960115457
0.5119818754912526
0.5013841408669084
-0.25353219993063114
0.9800383299511022
-0.718301468295736
-0.6266841280925792
-0.5872882861961746
0.14581995365874012
0.976824222386458
0.3091440291365748
0.9367819799261627
-0.001121352980997803
0.9411174236248074
1.0
0.7063123626348495
0.04392422302271304
-0.510779258211401
0.7420410250550957
0.9725166323898597
0.9939806053362328
-0.04274227139276676
0.9348820878946367
0.1589092468564688
-0.2044713480507241
-0.16238215799218425
-0.26742468307957656
-0.7789854753632312
-0.521212491267476
-0.6206150160681699
-0.35106732868552004
-0.2559562956396503
0.7720369163906984
0.6224554980999948
0.7442425157743724
1.0
-0.6068699628636587
-0.7743145892313383
-0.08671952314701692
-0.8072239628258953
0.6580356074426597
0.28175380670209527
-0.8537975989139198
-0.6087706785261591
0.9339154446327547
0.8840585159782284
-0.5802349351572462
-1.0
-0.6333523942131606
-0.6451829546552345
-0.3822469274825554
0.8031691189689287
-0.23261167367633717
-0.630551749397712
0.39575077286863203
0.1255093635788298
0.2845608908142536
0.9015618721948941
0.8130464011172209
-1.0
0.9973747137065752
0.9357208437288431
-0.760196506070925
-0.6841778380181474
0.9787317517233838
0.9832500414983658
0.5400498713421966
-0.6445198568452245
-0.9281806856024407
-0.8819579163095501
0.17467429246369548
0.4495545411529285
0.4118268514820447
-0.407782482713563
0.8893872586321117
-0.6472322982708592
0.32152679670927453
-0.1374613309703211
0.09027652700522837
-0.8781842638110527
0.275749836400214
-0.7496471410474465
0.053761821133143206
0.002809014029282686
-0.9351024054365364
0.9046403052753764
0.7492123050744628
0.7635344989654642
-0.3992045158653049
0.3259540378238037
0.8874142880704854
-1.0
-0.6183701724094177
-0.6112245747013462
-0.7103030381513487
-0.8653124091905904
-0.12181758374297413
0.7488316378131608
0.7552656932348136
-0.4991651629645325
-0.3141342182783926
-0.39407988394200966
0.502970004870523
0.2699854678363671
-0.013567615014276724
0.8953820941177304
-0.8696506232843311
-0.4948285961327408
0.4780202758890095
-0.6528237043300626
-0.6086262436034502
-0.652024557658175
-0.7921277055699567
0.4675399461163021
0.879853954728985
-0.28835097475069205
0.03480453161986796
-0.42586155698139927
-0.17361648448426836
0.80501899413764
-0.6411390014460171
-0.7383279056894465
-0.8763857532649326
0.7446303710878153
0.5046858528170213
0.34662477926619695
0.5076208243568554
-0.13247491929965438
-0.7214797104752182
-0.8289831700388525
-0.6478974177205339
-0.5994664937850276
0.420473928456617
0.9490079581115363
0.2127652782698739
0.5120501619865925
-0.15102758137782424
0.8102483020702389
-0.4276903921224894
0.24153620571977608
-0.0057961326411336556
-0.8815584927246926
0.1666319103754874
-0.6966342831252927
-0.7507478115315416
0.24321611340556926
0.9977757471156101
0.972736916237765
-0.2675728617794422
0.9994429259590702
-0.6082994118576628
0.12363687599609152
-0.42012099884026954
-0.983003285402185
0.7443522833206093
0.8840384493326681
-0.40936190742046796
-0.12484989348888464
-0.5859947363129618
0.44758591337280396
0.5504253753545139
-0.2761503793744414
0.9655494631010806
-0.7616649652229028
0.9058655686632495
-0.23898433115261863
-0.2933328938887706
-0.6409803401701125
0.7781323846062915
-0.7671166535186149
-0.6057682441219596
0.036607983951834955
0.6315630596648518
0.3365731868534847
0.14383934579171398
0.3812024548373607
-0.785473066798226
0.8955993829439102
0.7751921717784378
-0.7911370272587279
-0.4113278396810395
-0.7198972158710447
0.11579021857764027
-0.7366165502755363
-0.776618734320254
0.9040356103890124
-0.29750825367619116
-0.6233310515198751
-0.8322080596817081
-0.5093711487471906
0.3705455685339394
0.3556610593139886
0.43934436233985474
0.7560060626053398
-0.818123820266792
-0.8150444138042491
-0.4801502192830427
-0.7725237908661613
-0.1095749831870243
-0.48363335467417345
0.37799328905856355
0.7364028966569756
0.8925555423643567
0.8232965634703291
-0.8363363227524963
-0.8713065707963208
0.004663830983840933
0.9387010400967313
-0.5957794722899383
-0.6505735445077478
-0.7633936168872772
-0.0037942601198568404
-0.31792643991158764
-0.4165401508653467
0.7503638909278902
0.06691415953819213
0.4062692891683386
-0.6108873352550628
-0.842586633591294
-0.5098360509945203
-0.2609826908503514
-0.6444166783467835
-0.7600299828629911
-0.5769339719625646
0.07029209479121712
0.1522989344062744
-0.24281466443726984
0.5811475594585331
0.8894827998251529
0.9519836619468363
0.5353327121246458
-0.09723684143803335
0.20591596308599036
0.788593546239956
-0.26242149928724745
0.38727590964327185
-1.0
0.41077634761185045
0.9712323670739957
-0.2362644021726703
0.4675368013434904
-0.7536275249205415
-0.25800526487755937
-0.8502447543921297
0.9973747137065752
0.30865224656925916
-0.6230509421130044
0.027426744852532492
0.6347825582686015
-0.85425344122053
-0.9562968264276209
0.7942680641520401
0.25477180572879177
0.5834543251914586
-0.3141145260105479
-0.609827696568606
-0.13895974033955316
-0.6066553695570317
-0.13744950063450556
0.5582151273601821
-0.7153618544722276
-0.774265246248412
0.09393210077220071
0.49001728466347405
0.8397010462159351
-0.6349525594455141
-0.17350911295541172
-0.4988552530914937
0.4765870082423054
0.885995696030236
-0.13632966201136776
-0.5327502134603461
-0.7611796968278401
0.5849952638691918
0.0922760035091248
-0.8435849492079226
0.9871637861380702
-0.023616661658522387
0.5500391673030198
-0.1220456546473655
1.5108012716202879e-5
0.7480497873917376
0.9689616913528618
0.36993832787910863
-0.9058882147712708
0.8352330728059401
0.3044464873113255
-0.29750825367619116
0.16191789593074835
0.24954833808855748
0.3500377562734094
0.7535174990536808
0.8402844764480486
-0.3507429678326561
-0.7612103209249826
-0.02556941582350203
0.9590797669208952
0.5676274323856016
-0.6477703539238325
0.0014756303571217266
0.9029296986168978
-0.6203817787513022
0.8052764162549406
0.3819884982891997
-0.29056467018349974
-0.7588640209052816
-0.7847066407386887
0.03384357889926415
-0.4016961493142325
-0.8388258596862159
-0.8987630206487037
-0.24530996678781092
-0.8932714236885002
-0.24776229057659216
1.0
-0.520458943801358
0.892242862096222
0.7496199275312938
0.2673766541624323
0.7919015477356923
0.22109697945675855
1.0
-0.8502488725470021
0.7384261835835892
0.4166232290242329
0.6282580531908408
-0.6163450135942259
-0.6551831824453556
-0.6295999314933706
-0.6227765232474121
0.49543617747129276
-0.2517867012690511
0.8124834867839266
-0.5802073060818291
0.7564482775630994
0.23834785534197067
-0.7899557158146756
0.9998914304624531
0.9616150528114709
-0.6263543762006094
0.8143986534262522
-0.14140502582727965
-0.26153107932827746
0.3307944421853557
-0.7466485252959469
-0.25028814214873274
-0.014124988557379092
-0.8345401333482134
-0.9132667877318092
0.4417576010951192
0.7870298453971096
0.890385948626456
-0.26029997564803986
-0.8622986685793774
0.4869834774067008
0.07635716353629718
0.448268928077288
-0.8884117014368192
-0.42682153631994246
-0.63628534411333
-0.8119268208147069
0.12303278011407248
0.9010422359255323
-0.5225233374011531
0.5842530974856304
0.01257128734331836
-0.006073621403994589
-0.6696946617094041
-0.6685435999847786
0.2808921389516894
0.9679752809475919
-0.7590189384040295
0.1541946334073847
-0.5886333504530648
0.8352103106408268
0.998984987137252
0.5881334476330962
-0.8147706688185449
-0.9107541142552606
0.4374278479377529
-0.8196512813467608
0.8578176331308824
0.4938380338786039
-1.0
0.8991073021398188
0.43582640982116594
-0.5442860637646378
0.948706059921613
0.25152400416973664
-0.5118791050645217
-0.3941790940366645
-0.6168530441544017
-0.7805320297066995
0.9518812322038266
-0.6253201951988188
0.487503263427149
0.1220135742209092
0.9071150917270985
0.007965243431781177
0.5045739887555765
-0.4333781630057084
-0.8525751059211428
0.7675129360744379
-0.7513810339998405
0.9781820154856813
0.578981559746703
0.9873908087848577
-0.8130122166880024
0.9274554822731769
0.7544751572503867
0.9307043320898358
-0.827230782827304
-0.8072708349158981
0.9745658262543984
0.2526362054874747
-0.25616564765825767
-0.8054370579889611
-0.04739548689647943
-0.7237498620675502
-0.3805389414680864
0.10283016056736383
-0.6929024111798651
-0.0005536466129427708
-0.05804084236625795
-0.5204048836592141
0.905643487802309
-0.12367958874967333
0.950117164407549
-0.6019757229865921
-0.4387491354659202
-0.5931981379403342
-0.6378877556119777
0.7955292678006183
-0.12017855810373312
-0.8486635326721894
-0.5070596658550477
0.19581779808544764
1.0
0.9973747137065752
-1.0
0.37916239578908484
0.0919278322335435
0.7882929958098093
0.7874895812319629
-0.5124206798680224
0.08743470064105496
0.7462343549728689
-0.03620234195312
0.8220530304499309
-0.7754771069140636
-0.44217079803613657
0.09524541779880136
-0.5621959941805306
-0.824153547755512
0.9586627101456291
0.5783448181278767
-0.7630348132845709
-0.004411983350726567
0.9977757471156101
-0.6194524235099015
0.4852665812025987
-0.6971989195960793
0.20555566197242126
-0.513342847057282
0.39835284774368485
-0.7458025065340563
0.9391023730079386
-0.7698188369948401
-0.8436429028783097
-0.07239044070604705
0.25393604491631083
0.12890811423284654
-0.46026050463109824
-0.3364342515394191
-0.2663313503987088
-0.499139480653237
-0.7928280165249051
-0.6053378595000154
-0.3825428356290278
-0.3082662219628458
-0.7504380514095891
-0.8439766231740656
-0.5212920839698293
-0.9699082642254065
-0.7548486701535422
-0.8328406831456618
-0.7981948708302444
0.9804499956872623
0.3589639692727917
0.17086252831374216
-0.3717705661136341
-0.8869430176582119
-0.8196345092250984
-0.4005355783956287
-0.3841809627617512
0.8774517975541047
-0.40689430902088697
-0.5728029384966804
-1.0
-0.988547594744756
0.772410695102032
-0.27960790732981977
0.00613229013581873
0.9973747137065752
0.34763529959635653
0.2745712953512578
-0.4452234739297801
-0.18851327329329337
0.7243605133033708
0.45704359297736374
-0.7780571683794344
-0.5895742365281083
-0.7609537224386566
-0.5166581863562456
0.8954193821382119
-1.0
-0.5781888860655193
0.2719169573470963
-0.6191688698280465
0.8955433760376448
0.5997867776645678
0.7699571733045605
0.8815647111385501
0.38870258824217996
0.39303563592344437
-0.15259143197175695
0.9325610958085155
-0.9388769564415516
0.006863524690082112
-0.30781824158826476
-0.3457147756089196
0.5881334476330962
-0.766214702726002
0.37218384541774907
0.9643379768131446
-0.27460494816412007
0.8809312640436218
0.6541121289823477
-0.7530327136058714
-0.12101222240100629
0.950886735239898
0.4055131959337541
0.9283977161079968
0.03516108895628034
0.4338985143365073
0.6774882735493208
-0.3356607871788271
-0.5056874217759992
0.8540436062546692
-0.22438120422377206
-0.8138976199855823
-0.8593522410814435
-0.17418299284363326
-0.4128967818119055
-0.755733474446777
-0.8349000600840668
0.29773045059422376
-0.6045653685214842
0.10569534810099546
0.7550281880119871
0.6315630596648518
0.25648031587206277
0.8085448834639013
0.7501277334648402
-0.5802151680138583
-0.39215910163394896
-0.8918601320137065
0.000269834610463926
-0.0555489842907011
0.14999052141140012
-0.3128503273402443
-0.6510109674307467
-0.5195975755531247
-0.8190772854330823
0.6866031729174051
0.9397732578744349
-0.4312860654549532
0.15637680623653227
0.9703715978301075
0.45596358814317406
-0.5952759342623506
0.22681836945884548
-0.26187438369355476
0.7881269218551341
-0.9407051551405249
0.1541946334073847
-0.5818299339771233
-0.00831299914809791
-0.9664229948812963
0.5430116483264733
-0.7743079253079993
-0.23153331610409644
0.9640136159602806
-1.0
-0.5876852763258802
0.3831331955926587
-0.11464255994645023
0.3513576623478061
0.9848029602630008
0.1497837151612591
-0.9104268332562143
0.45764679035286515
-0.8872150405064241
0.7452010724775959
0.5269999626801574
-0.791411820502036
-0.8404019149936799
0.9333329129071586
1.0
-0.6106275171203819
-0.03765223197040024
0.29081464592803563
0.22153305461998096
-0.43794295049297793
0.9339835813770081
-0.8274030714520593
-0.5870028606257411
-0.40813881542334585
0.39609190584315845
-0.7320526612947844
-0.5300615824574285
0.6008034377892648
0.5999471610779645
-0.5055373711875553
-0.4954693810308963
-0.488307984583223
-0.5319349685466843
-0.6142055198246656
-0.6446703566869273
-0.028572224605417085
-0.7959660505377233
-0.7329836637981341
-0.0069992328682384475
0.5910795007533145
0.35212169238996305
-0.01181477854946944
0.915141150946903
-0.6405317607911865
0.0009276911324545001
-0.6750710252087216
-0.6627081745304959
0.5076483785567294
-0.0039414654376617175
0.754153192414903
-0.6251115919356427
-0.4695139986295268
-0.14758854768160035
0.9588716129109778
0.6517680752289408
0.6143321006741136
0.9147664737290517
-1.0
-0.4496706319387833
-0.06905533426369559
-0.6469953171768347
0.9786797880964475
-0.7449411382858231
0.1792363095558689
0.5110360476303621
-0.5102654622344036
-0.6308210767263711
-0.6744348825942406
0.24638274987586528
-0.7791005590730308
0.8176822454949262
0.9735103805983572
0.23095718998121573
-0.6016043402926388
0.46278400136740716
0.06932679928911134
-0.9576529348271237
-1.0
0.20572787572163342
-0.7154640595886079
-0.1372158889399222
0.963918973273757
-0.5937483234312955
0.2774384296490109
0.38948114413970525
0.622081569637575
-0.4622029259711252
0.4343682834941409
0.38430005605688566
0.7877498486199026
-0.2579166122344866
0.8004397556705454
-0.23347933147019395
-0.27880658926718127
-0.6908720859521967
-0.873681623024586
-0.1679945292034657
0.9709658101404326
-0.8265679845194664
-0.033515507963237656
-1.0
0.3013246264158247
0.9455756632141947
0.8039261107100308
-0.9515743884842792
0.5522947181644404
-0.2769866643157243
-0.4979760644639941
0.8245907123578871
0.15637680623653227
0.8868883622554999
-0.6667327349740411
-0.648611356024333
-0.45838988893693844
0.9987949530087736
0.30175366327799247
0.12776641195111305
0.18265243133589326
0.5027666428953665
0.38071845932653137
-0.7755367078463997
0.9311305236813645
-0.5169972228155642
0.7749658978870817
-0.8486457122929232
-0.3968306616457299
0.9385050159248018
0.8080611874552444
-0.8036808521247127
-0.3572909838309615
1.0
-0.12073308637619629
-0.10819966921070734
-0.75481160675969
0.6989062729122086
0.9680561465341784
-0.8383289855819673
0.5020824301821922
0.24759288840402482
0.36542752565844006
-0.7724697307240173
0.903065073598887
0.6038956479696838
0.7782220855069679
-0.012562335972136518
-0.008339804592540467
0.6014851047339724
-0.26976364529605035
-0.2997420906301024
-0.7985376510667198
-0.6515395138897417
0.20048778571082293
-0.7993414400222818
-0.649011266300221
0.17313185627509964
-0.8536286048130625
-0.7511710081013447
-0.2764155885482281
0.9074104008692256
-0.8454241171739654
0.5331616208758825
-0.6526972395377064
1.0
-0.785410695470794
0.2143598278364922
0.012251868276301536
-0.25614603026595617
-0.7714577128829948
0.0718715194981221
0.9072581040144876
-0.7273811761585467
-0.7987625771982995
0.9998914304624531
-0.5066631249786009
0.8497661162264116
0.7528782116663879
-0.00167648025780609
0.9543638057120347
-0.5705955326094961
-0.04154620946671672
0.9735217616809138
-0.8034387046182118
-0.4137124011032829
0.43414066184300815
0.13952187222342194
-0.5299562325682365
-0.29588322976351655
-0.28528257499299003
0.9984066484420717
-0.1828384558790368
0.908211569180778
0.7705178413715608
-0.6231739626303765
-0.5142969112279174
-0.7739972666795292
-0.646513942310015
-0.5795037754785258
-0.5996103297033913
0.23482960332110925
0.45163024095973703
0.09451583050648682
0.9533931191708231
-0.771274118051226
-1.0
0.2430889747333247
0.21633669192636162
0.9783762426445752
0.9518090521802438
-0.04505877094629984
0.6501116784636922
-0.7388377332626576
0.09319652343643536
-0.5830587165155238
0.45841231790588477
-0.7086872988060229
-0.5077713578925527
-0.7688341487270621
-0.2510941024950457
0.5022968737377329
-0.7481073255028603
-0.8932704128686679
0.2153868207861418
-0.8381334855388399
0.4212664112051654
0.9335106674465627
-0.9257785284275604
0.7804903652107216
-0.6777681171480135
0.04240529775466162
0.10720828332559607
0.9078385392248758
0.19790697549002068
-0.636945072523899
-0.7837345315621576
0.6373331187699769
-0.1343520491660669
-0.31573573127052257
-0.42538400076727967
-0.07404668772020928
-0.2410294817378279
-0.9832087438925494
0.2694870962212559
-0.5963742087290653
0.8963470901176636
-0.1210683790583581
0.5235050718287544
-0.41478649076956486
-0.0450882719102953
0.9856879891828652
0.4585912704539792
-0.2788933700216756
-0.7667646635903339
-0.010333890057331097
0.8831890611713364
0.8579828085790397
0.20968684518939162
0.9055644192287575
-1.0
0.8478085700266713
0.7625214328668379
0.271120131817046
-0.6787040614372102
0.09014010376563508
0.14044164339530107
-0.6164043898999325
0.2998307095791808
-0.7651849393812563
-0.7634492494158271
-0.24206456124613607
-0.9701815225200803
-1.0
-0.025556836732255284
-0.9967351605111043
0.9470981825083165
0.43815818398549866
0.3173879761869043
0.9753963457788597
-0.8123377377954357
-0.7849154686284943
0.3777520400585803
-0.27880658926718127
-0.5010308368728453
-0.7071707695553519
0.18318165167477662
-0.6865120081998604
-0.6121626903812936
0.9250748892547196
-0.7746623861292038
-0.82222437938662
-0.835113155879831
-0.7989809891576264
-0.597997585379791
-0.7668437321638852
-0.648272619067187
0.4520284290981329
0.89997840420866
0.15004083777638733
0.982279804210413
0.24921274590422304
-0.8057234569414553
-0.24965843883096128
0.9284050539112241
0.4595323062801089
0.9186887541806736
0.558811436185715
0.12465308686752974
-0.1367326421845242
-0.02485570214633226
0.8456043837878418
0.5355351755932849
-0.6189868473826836
0.9517224960523789
0.2525538423900253
-0.7606222484091947
-0.6903105942542219
0.09775539575579706
0.27446077904958943
-0.1740756213147766
0.4659900223733926
-0.8180010243760494
-0.137930800625782
-0.17450106415087385
-1.0
-0.6107692565235379
0.8665380881377278
0.7818161115774829
-0.371516139018059
-0.6797601060975964
0.4819537876721016
0.5731849946993075
-0.8687173745146874
0.9591598837520503
-0.8432903139456835
0.7738122155184464
-0.25583282586901945
-0.6573497811615309
-0.25631083133639787
0.7564611561565187
-0.6625725749218772
0.4245237968337421
0.7408889899484095
-0.5040072145880335
-0.4911659840647137
0.4717385173220947
-0.8137415044781443
0.1541946334073847
-0.6352832847195446
0.7569992118094919
0.7713994260164407
0.5267727902822836
0.7701966252915085
-0.7759359442423994
-0.6927196399790707
0.7604954504206716
0.567705452701549
-0.7854918605595531
-0.5079065082479126
-0.5783008250025072
-0.18596106552996905
0.7450824696172689
0.9501012907924042
-0.27194372160999014
-0.023453283223400234
0.9782720158885303
0.2744576342767777
0.4081482160477865
-0.869742121198043
1.0
-0.5722923621680379
-0.7582180695946497
-0.6930500657509286
-0.22047344962751858
0.9984066484420717
-0.9546095435008289
-0.48983147725940557
-0.39520983076347094
-0.6452950433433087
-0.23541411550482105
0.5079589623096563
0.27654980670307605
0.25893338841627545
-0.6422702211517116
-0.45346247919426264
0.4739019712654584
-0.6449604245410351
0.24908455897437465
-0.943270204059497
-0.3911108440300488
-0.6834446566997623
-0.626168235600374
-0.5741458313628196
-0.802141261206756
0.5625758789924067
0.9225891709736997
0.0950988114853415
-0.4977392331210557
0.17054176148694866
-0.2640925716589506
0.736761700259682
-0.8705890384664511
0.559257694422804
-0.45351549107880273
0.9973747137065752
-0.2810464911400864
0.6690155068391686
0.8949678826131036
-0.6182133830220915
-0.03519481664468571
0.8946562506025726
-0.46676524256547114
-0.7829521570119324
0.964990292544943
-0.9245830280680838
0.2526877198611521
-0.19341312883609518
0.17669563262618748
-0.7614123351403629
0.8287214463215986
-0.7658155412055454
0.22167756441823294
0.5711122899142245
-0.7682129812212082
0.3919087589992518
0.7567666483725124
0.8549954241590108
0.2506181598488806
0.45756847053474514
0.9912133550130227
-0.7597078682764212
-0.7668906042538881
-0.7449016788745906
0.009712988359655395
0.40599943771087754
0.8922072213376893
0.4552167794759383
-0.6296396904067756
-0.8772388852034211
0.4283686559737614
-0.8267799571820837
-0.6271160102253861
-0.5084685989502326
0.8824855305680332
-0.1355662309735559
-0.07017157886076297
-0.5203541180409681
-0.27880658926718127
0.4594846854346746
0.9853511989898405
-0.733627443718015
-0.910736406189309
0.9169255848909135
0.50033902803582
0.28685702422005366
0.9997735763575575
0.33688212334446277
0.7814972915148108
-0.015576975089866996
-0.49246552399137733
0.01632240230333193
0.9038301518986478
-0.37636590282250304
0.2814369334035449
0.6315630596648518
0.10918993945022604
0.7516262925851587
0.762551233333006
-0.46072705414037696
0.1926760202954727
0.20879357995978243
-0.6624243213464683
-0.5222102827553027
0.5937226074260056
-0.6138233550525009
-0.3777077474310384
0.43190173335216375
-0.9169981355484349
0.5881334476330962
-0.7690274773794386
0.8285779847809507
-0.6775958285232583
0.9029726771786575
0.9977757471156101
-0.9900919402597018
0.38989685315519496
-0.6334459886420802
-0.2605158418389002
0.46917912150662944
-0.14973463049895652
-0.7585449013404372
-0.655393058592765
0.5679639230764535
-0.2663313503987088
-0.04956328362134499
0.09809757698792732
0.35328331156617065
-0.7742433077142732
0.15549492208947968
-0.5116421239704971
-0.2912776351052381
0.03321597209670046
0.23937454878944764
-0.425707987242428
0.14386405472094888
-0.726334865318768
-0.68914051414164
0.9316594445180753
-0.1500212540780801
0.01829207834106028
0.32059489569940736
-0.6343249526429504
0.5355254417726774
-0.21388335357397092
0.23574503171148664
0.3807836010490595
-0.25864118286541105
-0.47495355708725084
0.46557326510029906
-0.27577922130711763
0.9020840542327229
-0.16926037513571823
0.657447085673613
-0.7136063224878674
-0.2038886665740418
-0.9913430731477282
-0.8357237659341029
-0.202099141093098
0.08140617116102522
0.23574503171148664
-0.5040158252754942
-0.790437539934754
0.6203721609877864
0.14548645798961357
0.8435758555732087
-0.8952801473219739
0.7936766971123541
-0.588333399027263
-0.7139830962209264
-0.121043520378037
0.18012837677678806
0.9912910758267977
0.9297297520203813
-0.5748009923652573
-0.13834770764996174
-0.5989865415535276
-0.3020096964539678
0.6709446003325175
0.022616140957148367
-0.9155994604026596
-0.1374951747158184
-0.7779577336581502
-0.7405148705533546
0.04707303911374261
-0.2980532727546761
-0.7556642894449196
-0.48743014371549975
-0.7656079861999732
-0.7423707357655167
0.9089345674252964
-0.7558160621708556
-0.6635268637191418
0.6340800759229022
-0.8319983332853849
-0.5749605521476795
0.7677865313090557
0.3193648402767737
0.5078066654549183
0.040493725138406544
0.15549492208947968
-0.7869520085262428
-0.20380899899614546
-0.6260388506618355
0.12995307731284877
0.36184802544329364
0.2936196335249861
-0.14739686629117288
-0.18311654364624286
0.9921156053078082
-0.701857151761182
0.951506854488148
0.3938486345708121
-0.14380613474455606
0.19433810760199965
0.8987031239579724
-0.5048047888735152
0.05178885057151694
-0.6400544292036962
-0.870708689584382
-0.2088018499635218
-0.8884120009389918
-0.7698280466866457
0.736499036854362
0.882344165542593
0.5900304943939829
0.35755181652925194
-0.7991582944437718
0.9433030407289391
-0.2770536030512877
-0.7734668483319557
-0.06633735204786884
-0.622323076958182
-0.2866074977287767
-0.27703376103235666
0.904661569929627
-0.8070867159553274
0.299647114747412
0.03988798199443866
0.9075907011770965
-0.4757839268606261
-0.8390704032100973
0.2022909385406173
-0.14787876528679444
0.8655850722246963
-0.6303116235308757
0.6017184169263832
-0.8512853746906299
-0.8216467145713279
0.5180664118775478
0.3472384592177373
-0.7256094710568691
-0.013773073504641187
0.0068606794194430165
0.346586742490284
-0.4636534149927505
-0.6580622968300105
0.1956268654504516
-0.798500213295152
-0.7468099569669475
0.9632054093476736
0.6186368454000728
-0.5804544702497201
-0.2456440614612826
-0.9162425290048808
0.7952147905194482
0.5884217184741687
0.9095922741962008
-0.7394156227045792
-0.9263762973261844
-0.2993802171301274
-0.7783795824681768
-0.02803851173394567
0.9673337472940049
0.613516855760452
-0.5960514202626073
0.5150177792632338
-0.865450704318762
0.9530741493570649
-0.8114539817598048
-0.2564909818931824
-0.6000365212949199
-0.2952112966394166
0.917770929772916
-0.6377327632376868
-0.6330509452764961
0.8103086517580063
0.41591879991441205
-0.6566970161764736
-0.2466270275915684
0.2492116976466192
-0.3022502715740629
-0.7663392956297799
-0.7389559617452689
-0.6307215671295437
0.6277297313584751
-0.2812898366552775
0.014095304148302956
0.8619285999512063
-0.6996880821520832
-0.758487995927654
-0.6432436780880192
-0.29750825367619116
-0.24723950953441853
-0.9861923845354217
-0.29274819077242376
0.020128925165265876
-0.6459585904065774
0.965272273840392
0.6220974432527198
-0.9005024543912897
-0.8625918812062969
0.6732513660654429
-0.4979557731918043
0.6046927730019067
-0.7218588053501144
1.0
-0.7139620561933052
-0.4043761696296895
0.9977757471156101
0.5679353206189757
-0.663820375848234
-0.5805063590011132
0.5002255167124263
-0.4846362376989334
0.9815334447964363
-0.12527653433367203
0.9997735763575575
0.9311296251748469
-0.40155897731920775
0.36220038974929025
-0.3753896006155564
0.7536317591325059
-0.5799113979353567
0.38021574492991816
-0.6877128621606712
0.604399410623901
0.0753443969398433
-0.7620886859215079
0.52394504052022
-0.14670726253889288
-0.6732211500400105
0.28239294433830175
0.9902357799218426
-0.8205292719655704
-0.8477125383988225
0.9303197713002909
-0.43285695434994065
-0.39559813533017274
-0.661248550692608
-0.3958485191464186
-0.6956021237631667
0.7609959185509907
-0.394214659919654
0.9368841101669998
-0.8285390831925145
0.9711140637158413
0.3093342130161394
-0.6441540149414633
-0.32355528374235887
-0.4131179641663284
0.011134126168371283
-0.11512445894207168
-0.5368033763613691
-0.8809309607976721
0.5946805651248839
-0.6833787662218028
0.12173803222216972
-0.505580274873772
-0.4801788217405205
-0.8330074309802251
0.8875906948501131
-0.6703486995786947
0.8847988853487545
-0.9585894406828938
0.7440213334199495
0.36591346793339086
-0.8996200835532068
-0.19970177595297844
0.9065771858252114
-0.24236196690347123
-0.275191298542416
0.7435765726937231
-0.8922525921730524
0.5007267335981767
0.8249853064702122
-0.5907410221167922
0.8895142475532698
-0.8176202073636611
0.3451525763370622
0.4440130022054536
-0.6087386317936969
0.4728689882723578
-0.6139702608681332
-0.40519126479226497
0.2132792239979575
-0.4172862107771511
-0.17281771219009645
-0.24455087853150093
-0.6299489263999263
1.0
-0.4220937447752665
0.7495110584915745
0.9106433770707401
0.9973747137065752
-0.8452025604418268
0.5947052740541188
-0.24479961508579784
-0.4268335912823873
-0.16904802809538533
-0.5072095666924054
-0.7986251057011023
-0.2726184251291861
0.05157500602032128
1.0
-0.8836834232011129
0.60366727756312
0.8459378794569683
-0.8203576572207032
0.8873440548110241
0.24438896391324727
-0.6083495784715638
0.24020446930956418
-0.4273783857342428
-0.803295916957452
0.9034141433809857
0.613903662816291
-0.5827729165673747
-0.7888363264447965
-0.10858887228392688
0.2524389833068552
-0.6174323562316428
0.49884421269265844
0.7655471535649525
-0.24640240096216115
-0.39632697386705584
-0.6827911429592737
1.0
-0.9768824343774689
-0.17527213249408558
0.4209510354174779
-0.4064184000687163
-0.7824930950569673
0.10624208931697265
-1.0
0.514929725624506
-0.23619536692189924
-0.12396875809726349
-0.37679628744444726
0.01583975455227904
1.0
0.8881374360660901
-0.7995050430840334
0.02355208524634489
-0.7953534188437869
0.9099241226033783
-0.6548415253420272
0.9865677768147099
0.2544959642278799
0.8080773605725617
-0.1361245030231758
-0.21069320618313025
-0.6947768455267247
-0.7746763878557702
-0.485926942311507
-0.7511130544309577
-0.1904404200225206
-0.000466940733991561
-0.6324907264627546
-1.0
0.5673488953651367
-1.0
-0.7811912339884665
-0.6008941457659964
0.9774765381182564
-0.6242440838928722
0.34487987960896205
-0.5205340439711232
-0.8197635197859212
0.45973761501938704
0.15831578330157492
-0.640487359594107
-0.4836465327697653
-0.7126908940974901
0.1887977666632148
-0.6757683411419446
-0.5151419566077471
0.9351778462900229
-0.035895801479522316
0.11342070713956698
0.3707330568939513
0.8853844120960759
-0.26268393806593826
-0.87386701486939
0.1689937845081606
0.8854002857112206
-0.7596082838040508
-0.7833662936410162
0.5235531419274475
-0.7860654820955159
-0.30663131447847725
-0.7596311957202503
-0.724627403433101
0.9415702709096923
0.6315630596648518
0.9490185904386617
-0.8111179403222117
0.2783272023460319
-0.3684114994974793
0.8747480416914737
-0.7635289918692667
-0.9112910842128584
0.801428711844282
-0.5974424581029827
0.9469797293990758
-0.5813578436776526
0.9248975839685742
0.9973747137065752
0.2868523819363793
0.22269991508420817
0.9417330503404693
0.28847029267245605
-0.8640003650482231
-0.41648601584765954
0.012353699014965969
0.25232577148563395
-0.45449261691672393
-0.7584661322690583
-0.9316038831212914
-0.41711669254749173
-0.8501011431003953
-0.537706899540388
0.07936311709102384
-0.31076317157533595
-0.8613370419788853
0.9984066484420717
-0.5868757968290399
-0.6614594002220783
0.7406778409167667
-0.8893360774546013
-0.7197292700277913
-0.7865497022329746
0.3583212376105147
0.887952044221286
-0.6209509077546768
-0.7951114959639153
-0.9645927371048867
0.7546753744527317
0.749172022032256
-0.6739571017534914
-0.34953994248109443
-0.9258422475147688
0.8364815476121852
-0.026105225210181326
-0.8258872160812765
-0.4391307012337399
0.8301066438696096
-0.5394279887749056
-0.8046930197168214
-0.7882731874848727
0.3221063334131451
0.000897591164113809
-0.6652037763832096
-0.5889771040716009
-0.6126160617949805
0.37414902892288926
0.6188078611405947
-0.6814450304447797
-0.598185747619691
-0.49808628126348986
-0.2734554588259004
0.9998914304624531
0.9615849528431302
0.6397465072763275
-0.43310015011404546
-0.01693132391410601
0.9293537270427537
0.9890690692087019
0.5024538128761453
0.9924535935095229
-0.25368614404731815
0.7557742479237914
0.753005200587546
0.8819438808889892
-0.3981284045593583
-0.13777236397650683
-0.797190041041363
-0.23442321256696286
-0.4932612263882806
0.7525730189525668
0.9875794951535597
-0.42174624737957367
-0.5566990810567645
-0.81468029403798
0.9690325236166681
0.5126812130641403
-0.49556776749457665
0.19793363118337703
0.44579638789186027
-0.32546738048741586
0.7694053405516501
-0.26813630024153856
0.14829354210177192
0.29007772083249383
-0.57272985996658
-0.3737410657823371
0.9169767997624183
-0.2663313503987088
0.6248169229794092
-0.7565452750854544
-1.0
0.43704373640146654
0.9275865144736644
0.571595836171795
-0.360831923141393
-0.6089411701378791
-0.35514033360547403
0.5462280021574115
-0.6083003103641804
-0.4964875386664559
0.11474091271613607
-0.5741080192135362
-0.2599270205676808
-0.7285692264014811
0.7906455853751337
-0.6385037567053553
-0.6161379078419125
-0.6200825760809318
-0.6724089001480741
-0.40994219287976974
1.0
-0.7985586162187978
-0.49994798676801655
-0.6768948436884217
-0.45055386384561236
0.603578475168961
-0.7846477885617841
0.9704139773875222
-0.2453734612483901
0.8965257431635854
0.5198968194050437
0.5207511493522223
0.015086955841592475
-0.7598829272962726
0.9647300251570032
0.988309531699133
0.9388707080774767
-0.112475511977016
-0.8032036702883087
-0.17441510702735408
-0.7001892241622907
-0.8430153709512892
-0.665055597683344
0.26864339860120245
0.9390155173779013
-1.0
0.2608883888475493
-0.5077402096666082
1.0
1.0
-0.7823464887435075
0.9917051375803381
-0.0856610824692503
0.23574503171148664
-0.7522550562148638
-0.7799860372461538
0.7537443719493819
0.6380418906612997
0.872853840201226
0.925755358190737
-0.8162958836322196
-0.428427167466945
-0.5053032353641698
0.901111570678476
-0.8310857501656467
-0.6215182397450161
1.0
-0.07498592653330383
0.552533870649216
-0.14142209745111467
0.00482062037116715
0.9445263573526907
0.4120582169103342
-0.027807745310001408
-0.5797495170110973
0.9481898679272354
-0.620901415020664
-0.28973302752589125
0.8244948716626732
0.8871505764075613
0.8374983574879682
-0.1706440751728664
-0.6577344917021622
-0.16976698306057447
-0.2402700939793453
0.9997735763575575
-0.7567195853498745
-0.6134392435162146
0.4380782169054298
0.28298730639971326
-0.28082403590143024
-0.023631337264976904
0.34943665541311586
0.2041611798570615
0.8349480964887654
-0.07635135693792694
0.5857353337375453
-0.6317455650574679
-0.14316355283336535
0.9206946699812797
0.051870464913534864
0.6267021394044805
-0.15376068845336444
-0.011711001046683323
0.18689607761865368
-0.4284863940215653
-0.7339064299917388
-0.6536105714128759
0.0008258603937898457
0.15637680623653227
-0.5769562848744191
-0.8789814637188188
0.9171449702323013
-0.14232374874155507
0.14999052141140012
0.7506370369092494
-0.6569710606643504
0.8010365137493369
-0.2663313503987088
-0.6673864733411591
0.4220621884776119
-0.9147855632487742
0.2462827161502359
0.9232366946707375
0.3019752948856742
-0.20308525199619554
0.2920390108093909
-0.0074309652499590095
-0.8071424982349635
0.7599824031991056
0.27931301374695683
-0.848385220278354
0.9881118602652548
-0.5154113588119495
-0.504453772327295
-0.7580633767225313
-0.7589480312646799
0.9930966246739725
0.15549492208947968
-0.7618642839187301
0.8830571304643313
0.4808615032488377
-0.17684242238472792
0.5948448420665238
-0.7442516842846293
0.9627341426791773
0.1273408193639296
0.923245230482655
-0.6298520374471086
0.255136000370604
0.906884325303154
-0.4574868898867216
0.18150458925962254
0.24846713524567754
-0.8438822051141714
0.018431346851292885
-0.7622107330568191
-0.629914034396825
-0.27880658926718127
-0.8111408522384111
-0.7850843129782653
-0.3081372862775661
-0.5374578634839184
-0.38980583818873626
0.021133006198716053
-0.5149328292157691
-0.6138092035748483
0.9738142255524018
-0.14387531974641354
-0.7586014323755046
0.43068111224796524
-0.7329591046199856
-0.17117269650740463
0.4141286754291231
0.0914806754899371
-0.2560734758646577
0.4861018927618208
0.9749210358310341
0.7653367532887412
0.47268389592972637
-0.1357755829921634
-0.351043593138346
-0.7218213675785465
-0.6936674894796259
0.7566411569622169
0.6033075754538959
0.9929682879930379
0.9975631005731047
0.8352455021461007
0.7067156423101786
-0.8552102757862615
0.8246058372176004
-0.520609518518604
-0.6167998076432322
0.012180586759236167
0.5315134604203788
-0.6315761217033518
0.3568252242586629
0.60366727756312
-0.6772996957501565
-0.020062020123696955
-0.8760211842454048
-0.6436268162422447
0.9842610110817844
-0.4017504340830058
-0.5946531943700908
-0.6307140046996871
-0.8637865953725705
0.46583008821325467
0.10164637823038802
-0.42209172313560184
-0.4200022462288563
0.002709579307998533
-0.761455463453209
-0.01818054747578246
-0.7409099139189388
0.9131895947906135
-0.09348437871824344
-0.590259797001059
0.9636241133848886
0.948368970226416
0.9116127158521752
0.2144402441698201
0.5018464224702284
-0.1020065632868653
0.8808099656637418
0.3870810834800329
-0.11305699544500802
0.9224776064144276
0.49869386260204185
-0.7498392716911327
-0.6310606784644055
-0.8295613589829465
0.002938698469993728
0.8979386446625566
-0.6987205403836834
-0.7979935304947525
-0.6356769054498091
-0.7609772333592012
-0.6352024940085013
0.15339735862407555
-0.8807157684867
0.9884914792689528
-0.27196895466802684
-0.1502451319520559
-0.7869710269141993
0.26353134576915394
-0.20610603090846324
0.0006117163404217862
-0.6581105915553329
-0.4207145372707065
-0.6335317211389706
-0.8201088457908632
0.013053336090026235
-0.6371676775136415
-0.017354220981736557
0.15549492208947968
-0.40878881001330714
0.8807562050237705
0.5891391759284952
-0.8319009950793085
-0.7440452524122041
0.7510009320488891
-0.012181369208661974
-0.8899982018825505
0.8306228358639873
0.5949856080876188
-0.10281372164186842
0.009933122456474264
-0.7109984821959932
0.29332567214263516
-0.03896180521984405
0.9897895216847539
-0.0899713679854015
-0.6154150593484802
0.8889724481231398
0.7937421383370546
0.29569233831006914
-0.13823254906461901
-0.8302621191911538
0.2664270825243851
-0.8012570559178662
-0.8037032399121102
-0.5014666125338954
0.5576489185029898
0.2255011589040019
-0.03155361898199538
-0.4276514568400588
-0.43417723480205295
-0.810260839979937
0.3442196270695912
0.8482371576355803
0.12994918378460563
0.004981303286736294
-0.6479787325603793
0.46088246207393224
0.7600196912195871
0.21989328022530863
-0.4788013363734527
0.9969038962913377
0.43250373271897513
0.3698588100522986
0.030891835237767618
0.8968574418196766
0.03923416875177743
0.7543483180803148
0.8988997471342466
0.6137506172061216
0.7512540113846877
0.35556986090244935
-0.7756199694503666
-0.6287184217240337
0.6315630596648518
-0.7930199974175051
-0.812893988205391
-0.6212580472326195
-0.32979436324968625
0.9997735763575575
-0.7699869325891797
0.25039862475640673
-0.8577597131544898
-0.5081918589428029
-0.8744078409174594
-0.0779724124468153
0.9532641834855435
-0.5712907520275113
0.005804634759056793
-0.6167099569914694
-0.7660083457291199
0.09904729837706094
-0.7710405812321857
0.39110803994095833
0.3677294993566047
-0.49619829444332253
-0.8031200343066262
0.7368552946886018
-0.9139121400380961
-0.7464549720169411
-0.7367758854313291
1.0
-0.7880308902272855
0.4066375270894802
-0.7722905535492934
0.4945493515383932
-0.24101405737594195
-0.6811708362058166
-0.2295865519825676
1.0
-0.7697750348021057
-0.49839866202945204
-0.13624640040740077
-0.7672225275366088
-0.6154625304428282
0.5905970027533478
0.9260547106121937
0.3563464700358532
-0.6043334040888497
0.25691848755049307
0.3778990956252988
0.45170301998766504
0.9277072138491991
0.7416193259961554
-0.635399341811405
-0.7142739128304655
1.0
0.3788968871131255
-0.5909203490426023
-0.2993802171301274
0.2661542360451985
-0.7915121537298379
-0.9901689871935885
-0.696199705472933
0.9983081122273052
0.4205994198669125
-0.5413102850537947
0.36368786728922453
-0.395328508499341
-0.28156215900566217
-0.587596324180635
-0.5773311867188997
-0.9143845672775109
-0.8824514210143577
0.7577407791887081
0.8967406359723848
0.4543760768776104
-0.22234548795699793
0.6315630596648518
0.4035755666284879
0.5933936042894672
-0.6087950130776781
-0.6477521591668506
-0.2767305899582001
-0.5270067351730341
0.3116544563468293
-1.0
0.13942093999127492
-0.169379427249304
-0.28839230605050303
-0.7581363803770886
-0.2928056203140088
0.32426050278915985
0.7903800766991744
-0.7561641585708937
-0.25810851825154346
0.3464525655169848
-0.5535194911175059
0.7468694493297461
-0.7546219470089272
-0.0524334129408236
-0.05626494423416484
0.22825822615334546
-0.7623153341905797
-0.32222085181259397
0.7643684627649099
0.25414884120990267
0.9609088266886145
-0.6140762097616702
-0.8180682626137853
0.7408867436821154
0.9577981971245841
0.9241986956489454
-0.7596949896830019
0.8021593473942004
-0.4923365883060976
0.7751692598622382
-0.13986723192235817
-0.036879216863066944
-0.677819107392889
0.9765110928650644
0.2672487667347565
0.45392832112965875
-0.6565037623996404
0.16878338423194927
-0.83061590613247
-0.07503175036570287
0.7554290716699359
-0.04134209873612871
-0.02726714388856144
-0.7998814424393766
0.1541946334073847
0.2170086250504617
-0.7432586099560201
0.9726213083991635
-0.24535788713541784
-0.27880658926718127
-0.752144315286566
0.2073913107879366
0.2532262247673842
-0.9479763191344351
0.2726514864252578
-0.6138365331480928
-0.684580368938045
-0.27880658926718127
0.09673019981918274
-1.0
-0.7737331806388895
-0.18258043475739105
0.7478003020820094
0.35258846652587117
-0.6996403115555626
-0.27742738176262116
-0.345823644648639
-0.8589163156693074
0.8768801976578064
0.28200763479332536
-0.21695010606972387
0.9140530595540546
0.23574503171148664
-0.4704264319981787
0.10547940703459213
-0.9132264672518307
-0.7860956569393995
0.7971921038625764
0.3927493118464933
0.08171316088788183
0.7437824804373465
0.43577699196269637
1.0
0.03899636402677831
0.31037438406138085
0.6315630596648518
0.3533647761571024
-1.0
-0.77288551461505
-0.5816905157158047
-0.6436028560684413
-0.5991589799293693
0.8254098507997918
0.44904269194005275
-0.7018758706469659
-0.5089450320312052
0.21444922923499643
0.454370386336332
0.7506205642897597
-0.28081385282756377
-0.9327892378446729
0.4348434436908801
-0.4983168230608047
-0.012438641574876286
-0.2290335212209671
0.584705795019429
-0.8751580189841361
-0.6380542039443684
-0.21617888797542595
0.3500045115322572
-0.49994574050172247
-0.27464350906883495
-0.9309038342307439
-0.2993802171301274
0.24177101542304968
-0.00038293037459324886
0.8192754473017683
-0.49437806998969314
0.9006698049739752
0.7506656393667273
-0.7152863799247468
-0.8454240422984223
-0.6110212127261896
-0.6497485657734784
0.14500216297661184
-0.7633856052041618
-0.4037800105552428
-0.2743049967383183
-0.7807622720018419
-0.0022420901106533497
-0.9456588087610698
0.26530963991862744
-0.805013262414813
0.9742107664288486
1.0
-0.7791254177533518
0.9668967736242648
0.5243613485400545
0.34760235435737696
0.25013730911086296
-0.6344177234408956
0.7404159262668779
-0.5929785279723171
-0.7229791681020543
-0.7486694910807232
0.6671877948312255
-0.838198627261368
0.382650098588347
-0.7777262933543176
-0.7523681931605418
-0.2560068366312669
0.3850998766086615
0.22885198921041172
0.9791591413236025
-0.6897411657486747
-0.7528655165180493
-0.7983115269264499
0.5881334476330962
-0.775536333468684
0.6050954536728907
0.7504532923263945
-0.5227325396686744
-0.21913527392059695
-0.821054299274038
-0.2776041629199647
0.38435830922944536
0.7817494723440921
0.5154409758330367
0.24969838867700145
0.7612807451170789
-0.05820227403725864
0.2262885501156171
-0.23631382003113988
-0.8062802314802126
-0.5982672870861658
0.9973747137065752
-0.8755347178416519
0.17359338912298816
0.7534448697768392
0.008491019495680208
-0.7276204035188653
0.5045757857686117
-0.5813331347484179
-0.09903744849936125
-0.611088750466098
-0.608157223201248
0.17301984246256863
-0.5413433800438607
0.3905460241141816
-0.14885064983669616
0.8761810098360052
0.5996690733107586
-0.8797000817440639
-0.2849125400588133
0.5866386322899346
-0.8374148300758233
0.9263471744836818
0.41883669983041116
0.4820319577391352
-0.6065217167125344
-0.40760839707577234
0.44882165933671603
-0.4893017327917204
0.2981308849989135
-0.7937093016676126
-0.06557002748181395
-0.6792682486547379
-0.8957752618509589
-0.7261163036083549
-1.0
-0.3774287611573147
0.20428562300975317
-0.41304061773026923
-0.21007039141532724
0.6585273900099751
0.0819833118475155
-0.7566703172424911
-0.5712637219564394
0.9977757471156101
0.8967473747712671
-0.1512274990779966
-0.24723067422032852
0.9669590700761537
0.8552992691130554
0.7617764212126374
0.14235037074091705
0.686399511440076
0.5074014390154677
-0.2552501443923372
-0.6316544415214718
-0.6629437329892008
-0.6098599679276976
-0.6151517969388149
-0.024907216520009712
-0.6227551837176184
0.4984383872488627
-0.6954018316852786
-0.7597941997776567
0.5077638366442447
-0.836244600212155
-0.4453870769915317
-0.7923098777664059
-0.9903615670905336
0.5821056669084979
-0.6552522925716698
-0.37213341299566993
0.29711617163833814
0.8952455211270507
-0.48902079975387513
-0.7547082036346195
-0.6151963478869806
-0.903967357587667
-0.007117386475306575
-0.02734905773275198
-0.5741347497824356
-0.768786078628369
0.5005826730531837
0.580530135729836
-0.8042574686824009
0.1935691357739957
-0.1534084738984539
-0.5730642541422242
-0.24788703323145633
-0.6437169663961801
-0.27578596010599987
0.90839142023539
-0.5797185934117822
0.9465032214425599
-0.5809688652310625
-0.6195694539838226
-0.5694100281350283
-0.839173431957452
0.17980506418152786
-0.8772870301776574
-0.2100046506884541
-0.7130606295294942
0.036083256145539755
-0.7155400582648905
0.79919008285561
0.7461142546016792
1.0
-0.6550354529987488
0.49097464335800733
0.11770553497105207
0.924104801717853
0.194989824329453
0.11393285585461532
-0.2436981958462714
0.1431671131654415
0.9846891494374346
-0.6158479897388909
0.7418593769874484
0.9933979238595507
0.9723135699168757
0.5881334476330962
-0.6032204540156803
-0.102495201081369
0.28496896252434323
-0.037000664994033095
-0.6821484112969967
-0.31708102015404216
-0.7793480227430943
0.4441030026083026
0.9984066484420717
0.43087489015360037
1.0
0.5150731871651542
-0.7109439728005904
0.5409031530317714
1.0
-0.8215091681985875
-0.42247763168492336
0.5317085860857906
-0.8057243554479729
-0.7661050849308513
-0.5204289187085607
-0.4206501443036098
-0.48430341590969506
-0.8516463496840873
0.9085366787890732
-0.14531547594308603
0.8868620060643162
-0.2959352682659959
0.09940325670912808
-0.8360356974468064
0.20584602932870166
-0.08271922237944773
-0.6089570437530238
0.9481528794089262
-0.775792258075122
0.9984066484420717
-0.5842942378528064
-0.6571279998027628
-0.38840903493153933
-0.2592881075581037
0.5141357453650948
0.9282497620347605
-1.0
-0.5536648245467324
-0.8647558592784625
0.2418722471573691
0.970916392281963
-0.35889534209373064
-0.5721673200110013
0.11038390486106842
0.5025288381703674
-0.8350668827941732
0.7899815890586062
-0.3988520018082219
-0.6966348072540947
0.7906583142174668
0.5578323635836724
-0.47894869144234375
0.4146890439939508
0.5197594976589328
-0.016325281267965508
0.4769871431448227
-0.6424239406417693
0.8871772321009177
0.7602780118434054
-0.7363843612162724
0.9051198082536176
0.4465532298818762
-0.3840984499132156
0.62298022590629
-0.9020717708998713
0.7622801838668547
-0.9626597500832949
-0.2663313503987088
0.3775736865148309
-0.23610132323972077
-0.023277774950290042
-0.12161961280692324
0.002856485123630792
-0.6067968094580151
0.08758535023384417
0.0692050516559728
-0.3549584609111974
0.5023952602014132
0.9755392083151626
0.925515906203789
0.7532030217725108
-0.284379426191687
0.4462493849278313
0.9429255182404488
0.8978830870095498
0.9033605324921006
0.9165868479337675
-0.03510616400161304
0.5014876188675219
-0.26813300571764054
0.7777398870091738
0.9504353854658758
-0.26698276762398954
-0.8232981695507294
0.9526001871690157
0.3072321570181471
0.7553856438549171
-0.5783722562706588
-0.6754881568595308
-0.28846246443442114
