0.35837945
0.7437757
0.9517973
0.46133387
0.79339105
0.5827823
0.90115523
0.2679069
0.9002691
0.6129648
0.91074747
0.45611823
0.93156296
0.7610505
0.9622626
0.98606026
0.77361006
0.2581944
0.3574124
0.29830098
0.34196106
0.6468182
0.6983396
0.6370438
0.36661103
0.9533978
0.7864622
0.92484677
0.5030311
0.36837542
0.9075588
0.9746783
0.85368866
0.7034247
0.8215753
0.35294163
0.7742676
0.2900368
0.54781777
0.83049995
0.66757274
0.970695
0.87138724
0.83757913
0.501835
0.34734407
0.797046
0.9273784
0.97614324
0.7907475
0.72701275
0.29768345
0.68685424
0.78314054
0.89723194
0.44568872
0.897739
0.29115707
0.6006638
0.78696245
0.7386241
0.48860872
0.29425162
0.27103814
0.7830432
0.23857737
0.7379968
0.345971
0.34759256
0.30007
0.9209191
0.5105149
0.4435506
0.7096773
0.47361884
0.83364266
0.5971635
0.28005373
0.25765598
0.3302111
0.81846935
0.70449805
0.7742512
0.35358125
0.58792526
0.5719992
0.61746013
0.36711398
0.9979856
0.3427457
0.4095267
0.34406054
0.29960778
0.9000947
0.98393697
0.36695635
0.73833895
0.67661744
0.27541134
0.9271039
0.713521
0.83878094
0.7679033
0.25825128
0.25634897
0.35863158
0.93297184
0.25530374
0.92710215
0.49401742
0.3353619
0.4087923
0.9405994
0.28773126
0.9034904
0.89948916
0.32343554
0.8402601
0.56369615
0.83859444
0.992122
0.49632436
0.7232735
0.7427628
0.9895286
0.29964066
0.7407052
0.66630805
0.7516285
0.60042864
0.9535873
0.36793453
0.9996984
0.9997709
0.9770248
0.56518567
0.97287154
0.21727186
0.5025275
0.23350078
0.815136
0.90568763
0.19349495
0.4779951
0.3233644
0.9028203
0.8403255
0.73484766
0.9829239
0.8142724
0.8340568
0.98094815
0.46245965
0.4661848
0.6853501
0.35805485
0.5558238
0.5398171
0.6031472
0.2984012
0.34849694
0.69056153
0.3643826
0.7465497
0.71905726
0.8059163
0.44749796
0.53486466
0.3546574
0.6597509
0.76477695
0.23025724
0.85219556
0.9908004
0.2371173
0.9074594
0.6087734
0.8326015
0.5897166
0.95453316
0.714367
0.9963356
0.3302805
0.36335403
0.8341426
0.53755397
0.99831945
0.79644716
0.54833674
0.950766
0.56342566
0.7711904
0.39163536
0.28885788
0.5394412
0.56966025
0.6614242
0.24531841
0.67829055
0.35067418
0.26519093
0.76132584
0.5502788
0.83878094
0.36752728
0.6668811
0.9329824
0.28878954
0.77192813
0.76436234
0.7967513
0.3013681
0.35618043
0.9769735
0.43773118
0.95167077
0.29799026
0.2723084
0.23800993
0.19599289
0.30559728
0.7997372
0.27259704
0.5375717
0.45877838
0.4987493
0.16654207
0.5779234
0.58924055
0.73723406
0.19582236
0.28344303
0.39953846
0.2991457
0.65882176
0.2986623
0.30187336
0.6708353
0.7112583
0.96193594
0.7973447
0.9826269
0.4137047
0.35161972
0.67163426
0.9823486
0.34745136
0.992462
0.91652215
0.24400468
0.3634681
0.27532732
0.54841024
0.56207544
0.9647183
0.96706903
0.7823331
0.6183892
0.65881014
0.9734971
0.40781325
0.69896144
0.53728014
0.29221788
0.27537632
0.77298874
0.61403906
0.7185637
0.9772074
0.7189314
0.2790894
0.30908865
0.33375242
0.17262137
0.2609656
0.3622014
0.36852375
0.9578782
0.7871084
0.95439035
0.94527936
0.45142674
0.9734051
0.64277565
0.83394045
0.96057284
0.39719832
0.3899648
0.7745109
0.70224345
0.27467296
0.5036911
0.58576715
0.43926328
0.48303062
0.72156143
0.5835581
0.78188175
0.26342827
0.24579774
0.8110588
0.29046097
0.7812672
0.75793767
0.8481197
0.69775385
0.39755267
0.50059
0.49404445
0.7180287
0.5658452
0.41551414
0.3835937
0.8989794
0.8965485
0.8990927
0.26494342
0.593839
0.3355983
0.3327877
0.52462745
0.55296206
0.8001943
0.8314914
0.4971067
0.82376415
0.2263039
0.39504832
0.75756747
0.2873469
0.21163818
0.558988
0.3018508
0.48630908
0.4694041
0.2429426
0.39515954
0.6905237
0.80802417
0.35813233
0.99091476
0.3336011
0.22898407
0.354834
0.9980757
0.45527434
0.6916986
0.7995611
0.2746296
0.8432351
0.30198735
0.39410865
0.5981976
0.59846514
0.92064255
0.7880458
0.78898275
0.93899685
0.90229446
0.6255588
0.896251
0.9370046
0.37074393
0.3622253
0.2870404
0.28402296
0.31943217
0.91008335
0.68340874
0.70187134
0.6054076
0.9686921
0.82252896
0.9539108
0.82820505
0.9009871
0.2724567
0.53844845
0.97722226
0.6373612
0.3522966
0.32014447
0.5580764
0.52423996
0.45911738
0.7169315
0.5864573
0.22870082
0.66504335
0.93873394
0.54116535
0.68485725
0.3850468
0.97129935
0.23734528
0.30061063
0.7709741
0.9784658
0.479551
0.3470432
0.028903617
0.9388245
0.48728797
0.9547289
0.9797996
0.7789992
0.45795617
0.27599037
0.9259928
0.35452422
0.9774184
0.47507638
0.54558474
0.60489523
0.7520128
0.5547851
0.56070024
0.3607019
0.6849331
0.34730184
0.4851906
0.30908498
0.75177264
0.97563344
0.6664511
0.95866704
0.69860953
0.90667933
0.29709923
0.24894044
0.9984533
0.40436804
0.65149194
0.79998237
0.9712063
0.64963233
0.7005993
0.49948496
0.25659987
0.28599226
0.9588092
0.5247351
0.30063185
0.6573246
0.907306
0.7554233
0.49404445
0.74884695
0.4003336
0.48206845
0.9958359
0.36198255
0.29804152
0.4532693
0.6871907
0.451226
0.56120026
0.29585952
0.53181285
0.31776428
0.7960652
0.31204304
0.9525348
0.3631529
0.31280047
0.7203863
0.9081572
0.3985739
0.26267925
0.6701975
0.24551328
0.49635768
0.5998806
0.26858753
0.7722805
0.6597509
0.28605285
0.43718544
0.53477573
0.2594865
0.80611277
0.69851494
0.70213544
0.49973962
0.89394563
0.95486546
0.7977392
0.29684505
0.9696811
0.3536606
0.56664604
0.93816257
0.9792473
0.90649825
0.97214293
0.7768227
0.835083
0.21961609
0.76377106
0.83270353
0.7252342
0.5995167
0.8580479
0.38487357
0.70348394
0.99451584
0.8396419
0.97241855
0.7829218
0.7624161
0.83049995
0.78164184
0.35346833
0.22253114
0.67005515
0.8185741
0.3609192
0.9749722
0.8022532
0.32276767
0.42990986
0.9860298
0.7432015
0.98366183
0.34062192
0.9497209
0.89585626
0.6998217
0.21742088
0.9005026
0.8916435
0.9123792
0.94122094
0.32295242
0.4394033
0.6427149
0.90269923
0.5489991
0.20468162
0.96534026
0.31844065
0.9351442
0.6959123
0.79850495
0.5531544
0.6136909
0.23768412
0.40141946
0.35300392
0.50149494
0.6726437
0.25485635
0.5945349
0.42195415
0.76681113
0.53256
0.98762846
0.847936
0.26828393
0.34699818
0.3049133
0.803458
0.91312456
0.49404445
0.44896206
0.25079033
0.29260156
0.48089018
0.8931712
0.27655303
0.2796898
0.955083
0.25302994
0.4682604
0.30151296
0.48748502
0.5421448
0.7935469
0.6386095
0.7526263
0.9502
0.6001959
0.25311303
0.6179935
0.58975756
0.8182643
0.2568391
0.8992885
0.28672016
0.69852006
0.25675705
0.6356035
0.3538039
0.7746427
0.53710604
0.4002828
0.2878625
0.7876334
0.25595304
0.80524933
0.7463433
0.92778903
0.82398325
0.4918139
0.4380322
0.36691332
0.9990911
0.5262237
0.5653933
0.8478581
0.75551313
0.68266696
0.51047575
0.9716799
0.35604742
0.9267529
0.8952943
0.69287425
0.29887888
0.7653978
0.40216562
0.75970525
0.98002446
0.95645577
0.5519643
0.35103202
0.26886177
0.8700763
0.39362568
0.7312418
0.42103836
0.54403335
0.83103466
0.34530592
0.59355557
0.83878094
0.36032674
0.3002902
0.7726312
0.73778045
0.83952403
0.3461318
0.77672076
0.8403255
0.42049557
0.54729813
0.27944925
0.3374515
0.26930633
0.9522763
0.83279836
0.26322144
0.3391427
0.35391274
0.3028351
0.6007825
0.35894358
0.6020129
0.5786667
0.55234104
0.7484346
0.49850997
0.9828051
0.33479694
0.26227048
0.77974206
0.80679756
0.644234
0.5569625
0.5278828
0.9699405
0.36838973
0.78738487
0.3327672
0.159594
0.7846708
0.26663148
0.7447366
0.48677388
0.26513806
0.47351775
0.8341426
0.34738573
0.46597463
0.59211534
0.96919245
0.42503884
0.3210065
0.24585508
0.3280909
0.7020388
0.9038409
0.37079686
0.54931575
0.30532554
0.6139224
0.90726024
0.5467381
0.7915363
0.4804484
0.8218847
0.41111025
0.6701161
0.311029
0.9971237
0.9961755
0.4921036
0.26489934
0.30066237
0.55345565
0.49435508
0.9736705
0.54176
0.98423934
0.444589
0.9725306
0.84509385
0.84161353
0.8598328
0.97298646
0.30963674
0.3041508
0.92605406
0.9872693
0.4139664
0.71019286
0.49896377
0.67346334
0.5090307
0.28303254
0.23830162
0.48523337
0.75019985
0.4967043
0.5459577
0.7799889
0.630895
0.9847512
0.9798312
0.98092043
0.9140584
0.2573636
0.9850087
0.9782141
0.8341426
0.3045135
0.786104
0.77740127
0.3356373
0.74267113
0.9683667
0.91164166
0.5231253
0.98357576
0.22765379
0.2888748
0.265192
0.91502285
0.5058405
0.9620588
0.6622928
0.56637603
0.28943992
0.25548643
0.5355673
0.20205382
0.95919585
0.27490547
0.6023417
0.6288335
0.28719017
0.3183354
0.7055872
0.95704544
0.818069
0.9835535
0.84879625
0.2971253
0.7192337
0.48797947
0.9569526
0.77343166
0.5011663
0.32380903
0.8990974
0.72086084
0.29088068
0.49404445
0.6375067
0.78748566
0.7524927
0.6679899
0.66279995
0.2750874
0.7658003
0.6773688
0.7181924
0.4582087
0.49991482
0.97252226
0.6056124
0.9996984
0.33914533
0.97854805
0.9664007
0.71059024
0.2729966
0.9376136
0.55248255
0.29108837
0.2910548
0.7408134
0.31167302
0.7085607
0.9317023
0.86925524
0.55024755
0.58375645
0.28158262
0.3650752
0.30453017
0.48131168
0.7675149
0.8994647
0.9960349
0.42340422
0.4331783
0.28449216
0.5579258
0.69886714
0.2647447
0.9067723
0.6620267
0.9981607
0.74545264
0.41778794
0.98667943
0.49894372
0.9811035
0.4902681
0.28181097
0.9870853
0.49314603
0.28170818
0.23106103
0.2989677
0.4076274
0.80109286
0.44775108
0.47550023
0.83291084
0.89631313
0.68778557
0.31549448
0.369441
0.32370353
0.96127903
0.2645206
0.7173486
0.29137585
0.38916472
0.9980757
0.6342753
0.51434535
0.701947
0.5056078
0.53319997
0.48964977
0.44982716
0.4755318
0.64508194
0.29822752
0.23969305
0.6486036
0.6605686
0.7481524
0.83049995
0.41203606
0.6119224
0.6937085
0.7659211
0.6554493
0.778976
0.59117085
0.96316576
0.31524077
0.51704186
0.9911443
0.8374769
0.67875046
0.29377177
0.45171618
0.33996892
0.9024029
0.96206284
0.7985966
0.55269575
0.4487253
0.5103785
0.34269646
0.5755996
0.7484937
0.9971904
0.29876572
0.31546828
0.30013242
0.53415096
0.26635975
0.18259032
0.4685058
0.32104442
0.3103409
0.3926669
0.48536488
0.48977673
0.28559786
0.30232292
0.33650956
0.7475586
0.99626255
0.9709868
0.34470794
0.94696015
0.5976715
0.66483265
0.5511719
0.9765149
0.46067047
0.34657788
0.41084924
0.74946463
0.36487806
0.9049538
0.7074409
0.53480226
0.971086
0.63876057
0.5250537
0.48711812
0.3303944
0.2583024
0.30342346
0.9162939
0.23968762
0.97986555
0.4980267
0.7375407
0.6001628
0.94411194
0.9024642
0.7787989
0.6004513
0.96726924
0.597371
0.35947222
0.9979856
0.3107975
0.26969638
0.28597507
0.5041062
0.29757467
0.954608
0.48977673
0.29259306
0.9766344
0.76765054
0.95803285
0.36249998
0.65082175
0.7499884
0.7848907
0.24963322
0.9411274
0.98934203
0.2910862
0.5268607
0.8002179
0.8444607
0.83754
0.7001363
0.6917295
0.27167904
0.78343517
0.49845755
0.49089834
0.31968665
0.46310076
0.9770615
0.9267227
0.2739042
0.5026161
0.9980757
0.3678162
0.58633834
0.34216306
0.8811261
0.75124526
0.9459903
0.9980757
0.90719515
0.31839305
0.9667945
0.42164266
0.4919398
0.66097456
0.5057589
0.9945154
0.7204186
0.25397012
0.615532
0.2708453
0.29850858
0.27344817
0.45791367
0.75824714
0.5728403
0.40502363
0.90047467
0.99535966
0.6595074
0.90398335
0.94155985
0.30502865
0.71222293
0.77355367
0.35705817
0.36952633
0.95854485
0.7029234
0.35640675
0.3596449
0.93204683
0.7462186
0.808814
0.77351695
0.2606612
0.5433149
0.26845217
0.77349997
0.40078068
0.30175883
0.23171157
0.72242296
0.81062514
0.6309996
0.37026334
0.9980325
0.7206541
0.6819369
0.33769318
0.48163527
0.34930563
0.69846475
0.34320915
0.74594826
0.8976724
0.628226
0.48977673
0.9565173
0.56006294
0.34789312
0.9650728
0.7716703
0.40163347
0.2847157
0.98249006
0.27748534
0.6462851
0.68388915
0.7473424
0.97263575
0.69817
0.27372438
0.82890147
0.29221293
0.25409275
0.56163454
0.9446057
0.76821744
0.7671075
0.41490832
0.40115455
0.25995448
0.89782476
0.95729136
0.30713364
0.48490393
0.32524386
0.28807774
0.63966465
0.28444278
0.23754634
0.5406151
0.4218205
0.29520473
0.74232423
0.48578486
0.34572005
0.5350793
0.95949346
0.29082638
0.2553976
0.902675
0.8341426
0.21710949
0.3231746
0.25800878
0.342693
0.30001
0.623237
0.4894132
0.51221865
0.29608387
0.30252385
0.34982958
0.3428087
0.8577406
0.23488754
0.98706824
0.59165734
0.4225613
0.986508
0.6614242
0.7721086
0.2677012
0.445544
0.3054665
0.3675873
0.9780167
0.5005519
0.90141296
0.32648018
0.3287711
0.5444947
0.28712493
0.9509417
0.79893345
0.76297647
0.54260814
0.5283805
0.24658392
0.6333268
0.7814589
0.5252206
0.6325171
0.20177709
0.9608825
0.28229588
0.99308556
0.59231734
0.5021677
0.48248026
0.9821049
0.34790525
0.3101654
0.85803235
0.9996984
0.50333583
0.6098779
0.5330551
0.74838716
0.738637
0.7702773
0.28015426
0.39524102
0.48716155
0.92409885
0.9055967
0.9612563
0.9290058
0.90044695
0.8602852
0.89588803
0.50682056
0.9395925
0.5862766
0.349245
0.3217494
0.7375788
0.24618475
0.49404445
0.6005268
0.8997656
0.46997815
0.7989302
0.046542086
0.951047
0.39985657
0.44044852
0.80989766
0.99551135
0.20582859
0.6596151
0.7397093
0.551138
0.93495244
0.70806307
0.49830672
0.8070056
0.31324565
0.6014511
0.77823263
0.3003452
0.9914687
0.30119336
0.34087005
0.44222137
0.5077465
0.3386129
0.59018505
0.28391615
0.7161792
0.2989555
0.7955317
0.36113918
0.35706446
0.25885883
0.21420695
0.5385042
0.4851045
0.2813077
0.82564455
0.40239808
0.40234601
0.2767226
0.3522675
0.7100891
0.3227543
0.8007918
0.9736504
0.22860692
0.6228393
0.6622928
0.34269005
0.36315614
0.76747596
0.4426186
0.41603345
0.7156831
0.36323926
0.40295088
0.7484349
0.27725336
0.5939498
0.6815429
0.49350256
0.58832145
0.3003851
0.34062535
0.68777025
0.9285831
0.63832
0.4963014
0.9919006
0.42859253
0.7419781
0.48977673
0.19033705
0.53970015
0.5987723
0.9999239
0.37023723
0.9635297
0.6638877
0.44154993
0.64297384
0.36576372
0.7429907
0.9075033
0.76704335
0.9541358
0.7942053
0.81942517
0.65506804
0.8408543
0.42999342
0.3689651
0.9648038
0.89912367
0.21450593
0.36508682
0.7632474
0.2986243
0.9708216
0.9191677
0.72560775
0.77490705
0.48089018
0.47607386
0.95186204
0.6030012
0.8035999
0.27952933
0.9970308
0.34584138
0.83650416
0.6597509
0.35287908
0.36015075
0.83878094
0.6646091
0.64106387
0.9971904
0.76767725
0.3411445
0.2160494
0.7574906
0.895178
0.83719194
0.49992728
0.65526897
0.5528685
0.8620911
0.24833372
0.66552794
0.66194177
0.70339745
0.41788656
0.31459332
0.39010158
0.9639408
0.83049995
0.9415342
0.3619667
0.8024642
0.29630876
0.60203964
0.3454466
0.74519217
0.55220973
0.76648396
0.9980757
0.76361275
0.29091477
0.76950145
0.39989033
0.8403255
0.745172
0.7994815
0.6938833
0.84876496
0.39482737
0.44683203
0.53689975
0.28600848
0.71642953
0.942829
0.6938833
0.8229425
0.77125335
0.2993256
0.5653632
0.5659309
0.98957986
0.9147807
0.3756002
0.5934887
0.61051214
0.29138878
0.3700678
0.46715394
0.62607527
0.74222404
0.8001436
0.48089018
0.8106972
0.3600659
0.7013794
0.2806143
0.9955606
0.9963046
0.27351648
0.90805715
0.48424727
0.7207574
0.5048776
0.74043596
0.22639365
0.5814135
0.7554751
0.39590314
0.5049724
0.6974479
0.40099537
0.2693112
0.2870926
0.39456615
0.31137276
0.353628
0.54011244
0.7520254
0.5938779
0.89655805
0.9824537
0.7014856
0.5233981
0.6026136
0.9002812
0.3641082
0.19590417
0.6038408
0.76815724
0.26388457
0.63947606
0.31031227
0.23347105
0.45565385
0.9876657
0.9667237
0.8038776
0.86451924
0.23430641
0.44502103
0.6093044
0.64323115
0.9558374
0.39420494
0.53086275
0.8614922
0.4810684
0.6269388
0.92860144
0.38117585
0.440156
0.7393131
0.5080243
0.9935413
0.96882164
0.64868045
0.30192566
0.9961092
0.66500556
0.42367643
0.49547297
0.7401383
0.2154166
0.80212516
0.61047494
0.9375122
0.29637414
0.99744153
0.7920458
0.95745426
0.5994114
0.59361935
0.8457921
0.657991
0.30850166
0.3499076
0.6341356
0.6030199
0.5969042
0.9698441
0.67075485
0.8264714
0.57079893
0.4457156
0.3573851
0.69844395
0.9118577
0.32918847
0.99950933
0.9657789
0.24766156
0.23557453
0.533694
0.27120152
0.83049995
0.9662685
0.38389733
0.29474953
0.7127796
0.71709055
0.98828924
0.9212823
0.56220543
0.8942326
0.98229027
0.33299345
0.33332857
0.2549591
0.48176822
0.27798685
0.9980757
0.9676456
0.5006889
0.35045624
0.33984283
0.8221757
0.37128866
0.7997106
0.3091527
0.96516615
0.2883976
0.54153556
0.69430095
0.9829542
0.79973173
0.70004094
0.9988467
0.8257589
0.49140507
0.83375597
0.27082884
0.9980325
0.77399033
0.7407389
0.75250787
0.33361292
0.9027049
0.4659351
0.2958854
0.21387522
0.3666412
0.7552205
0.25366092
0.8027677
0.30388853
0.9774445
0.48884612
0.26636735
0.7093391
0.86296356
0.4448098
0.79074377
0.99889845
0.6042007
0.948991
0.9974839
0.14863981
0.8352588
0.6136043
0.9519491
0.76317686
0.80108964
0.30271798
0.8027304
0.20458326
0.5433909
0.43085065
0.8015274
0.96258456
0.9474909
0.4812766
0.21300586
0.21663307
0.44033155
0.48666042
0.49482703
0.31142157
0.95323706
0.34026322
0.2977345
0.77550095
0.4903159
0.3181909
0.96839315
0.7063065
0.7514552
0.9736706
0.96960545
0.8963657
0.814989
0.27329993
0.8212073
0.4867265
0.48977673
0.27926964
0.83468056
0.67807716
0.96507406
0.58723027
0.47279358
0.4829364
0.2741275
0.97933096
0.95252645
0.3188676
0.97294235
0.9885112
0.7886915
0.28906757
0.2321355
0.9678484
0.33462495
0.96169484
0.48827803
0.7828615
0.35057607
0.329066
0.94574994
0.5927526
0.29507172
0.4961548
0.489079
0.95494986
0.24431518
0.23488982
0.43515462
0.7099387
0.30233324
0.26678678
0.6053925
0.43279693
0.25913337
0.9946457
0.5391376
0.89919734
0.50099957
0.804184
0.35492834
0.31835723
0.40209743
0.8313959
0.50073504
0.6993279
0.99170256
0.34082866
0.9532459
0.8022307
0.9011607
0.7485889
0.33982074
0.23935418
0.70785224
0.67678493
0.36562943
0.9980325
0.9933592
0.8772732
0.97192
0.7300509
0.51447344
0.75538737
0.3729063
0.28341156
0.8943898
0.43995842
0.6618186
0.32299316
0.31569284
0.8403255
0.26214042
0.8514287
0.23470464
0.308432
0.92351997
0.49438637
0.43636554
0.9551864
0.64199495
0.2830754
0.7463418
0.92215604
0.9118568
0.49984163
0.19762051
0.30720237
0.3981012
0.9752731
0.4232268
0.41278937
0.9959487
0.32374367
0.7325192
0.41336063
0.28942943
0.3068979
0.50231665
0.34589732
0.2973632
0.752664
0.78156626
0.8275259
0.9403109
0.39132082
0.67067534
0.26267594
0.46794665
0.29931775
0.40139422
0.6614242
0.49841222
0.9199822
0.36739114
0.8795441
0.75337166
0.3392972
0.54577196
0.7527475
0.48163527
0.5477885
0.4178329
0.8976191
0.80663913
0.25270152
0.97176224
0.295188
0.37044883
0.8189325
0.28760105
0.27036524
0.6034455
0.7991352
0.8991879
0.3468539
0.67785466
0.66469944
0.29568
0.48740667
0.95856595
0.800322
0.7276693
0.73815227
0.9019768
0.3940242
0.5683496
0.90972286
0.83049995
0.42605886
0.9723728
0.984084
0.3546297
0.6673725
0.23658755
0.59649175
0.7410011
0.3005671
0.49350402
0.84448373
0.65747225
0.5331841
0.96021444
0.4479797
0.64945924
0.33394247
0.8220329
0.21063678
0.100001894
0.29963753
0.27438912
0.42258745
0.9651879
0.8034846
0.30747136
0.2584077
0.9150397
0.3152874
0.50088423
0.29895836
0.3605411
0.79480517
0.3343889
0.2392793
0.7511033
0.5391858
0.8020783
0.22696838
0.77598614
0.596997
0.6597509
0.8370491
0.8329582
0.25304177
0.3184595
0.75434834
0.64648855
0.9980757
0.82695556
0.9613486
0.48089018
0.32140654
0.31342357
0.48112354
0.9682193
0.29306668
0.492248
0.6181429
0.9917645
0.48977673
0.7438985
0.36196753
0.41022396
0.38682443
0.6622928
0.48703924
0.9325608
0.59320074
0.9056882
0.39644706
0.93797094
0.39864913
0.693637
0.908279
0.5922153
0.22609222
0.291709
0.5992495
0.96597356
0.83375937
0.7632942
0.90225625
0.58037186
0.7358954
0.98518944
0.788995
0.9006973
0.6038318
0.5383765
0.6003189
0.82734305
0.96239185
0.8960888
0.26549894
0.45763034
0.41598886
0.28330323
0.6572061
0.80552965
0.83049995
0.29344654
0.7072573
0.30087388
0.21071137
0.4962945
0.5428444
0.9635255
0.6477902
0.97679216
0.78111535
0.745386
0.3523117
0.46471256
0.6334027
0.6050006
0.5832761
0.3440497
0.789229
0.27984324
0.58582026
0.28604558
0.45649087
0.6945443
0.29813585
0.84282386
0.2595792
0.26166683
0.8403255
0.29229054
0.36250007
0.9854783
0.489079
0.7130093
0.9972194
0.31453565
0.37505433
0.7109661
0.96049035
0.84676707
0.42531946
0.44619048
0.98520935
0.25929943
0.99744153
0.98720855
0.7874534
0.17415643
0.22042137
0.5867485
0.32794496
0.7927391
0.80145323
0.49729908
0.97123295
0.7442785
0.23527947
0.34932184
0.80014724
0.6933257
0.64595574
0.5871703
0.26486012
0.9949097
0.39467654
0.95103276
0.5983471
0.9417675
0.8066628
0.9160686
0.34826604
0.35245883
0.76477236
0.53550553
0.44105926
0.9978556
0.68003756
0.23292612
0.36066985
0.28607816
0.38396052
0.90046835
0.29454273
0.7459145
0.5022783
0.9737957
0.8006526
0.787592
0.8190002
0.62823814
0.44056758
0.98749435
0.4114853
0.32029063
0.93435156
0.3635005
0.8996373
0.28637406
0.3095857
0.9651896
0.99012053
0.29210827
0.3412208
0.60295194
0.93933344
0.7592431
0.30086693
0.7518572
0.28320655
0.30524957
0.4769668
0.5397623
0.8060539
0.6032265
0.49577224
0.32635427
0.95002675
0.308183
0.71137154
0.36347345
0.4699346
0.9799026
0.9933616
0.3300662
0.6605199
0.26970798
0.9168686
0.9927742
0.5483155
0.29303026
0.36012864
0.27667663
0.25776693
0.7580002
0.32291466
0.6938833
0.49508864
0.5066028
0.8584061
0.4483035
0.9150591
0.60060495
0.9089368
0.38627318
0.24160188
0.8240618
0.9451186
0.9578446
0.27536407
0.2804543
0.2921063
0.85525066
0.39588097
0.3791981
0.90623254
0.2884786
0.8195133
0.7753571
0.4053084
0.36210454
0.31625155
0.21919814
0.6765152
0.3479794
0.3509276
0.72986996
0.2583137
0.9834772
0.27023503
0.21991825
0.69898057
0.35368115
0.5345642
0.36094472
0.31033653
0.8998127
0.64064026
0.489079
0.36956003
0.37164
0.3557579
0.36803725
0.5467919
0.3669096
0.37225077
0.26349634
0.6495968
0.49621722
0.99505997
0.30530825
0.8937679
0.30889136
0.44246
0.28728414
0.48246598
0.43130648
0.74126226
0.9173336
0.35116786
0.19226575
0.36213335
0.9628486
0.5585946
0.49198696
0.9847663
0.7896952
0.7624897
0.63432664
0.8436612
0.70253724
0.9999955
0.6622928
0.48770306
0.79570955
0.25201023
0.48080456
0.6657585
0.9013674
0.71217227
0.80651164
0.9838936
0.499361
0.70008266
0.84564614
0.29934955
0.38417038
0.36046484
0.6035445
0.1984667
0.83049995
0.9605182
0.6071352
0.7686622
0.77277446
0.6621063
0.64906156
0.9974938
0.31062576
0.19434899
0.49886024
0.97634274
0.9051573
0.41932654
0.8724167
0.80977106
0.8046007
0.7790913
0.8403255
0.33730584
0.30129674
0.9530103
0.23100679
0.32137787
0.9980325
0.44210893
0.93430656
0.31950283
0.83535314
0.40265888
0.2555806
0.32911995
0.3507796
0.65950215
0.2915829
0.80504876
0.28382128
0.35228392
0.94890666
0.53236127
0.41822264
0.25086996
0.71660995
0.22749543
0.9141088
0.59855604
0.75269246
0.99938077
0.9644557
0.79083455
0.6717127
0.6058684
0.3543316
0.65580696
0.49772143
0.39989334
0.9886935
0.40421647
0.23186836
0.9449509
0.5309872
0.59818316
0.8076513
0.2684546
0.2382243
0.9980325
0.38303643
0.7573061
0.7581507
0.9996984
0.500752
0.9616429
0.34484172
0.9886132
0.554672
0.3668514
0.90721524
0.48632914
0.7738102
0.5395013
0.7384895
0.99508744
0.4060489
0.3210431
0.3010508
0.7870288
0.8974114
0.7199787
0.9815929
0.4419296
0.33989123
0.4895377
0.90724736
0.26371726
0.40083784
0.76812834
0.9983017
0.90170705
0.4415425
0.7059762
0.36144108
0.5786806
0.590609
0.5067757
0.76527697
0.66318756
0.74276835
0.92136335
0.58247757
0.8936481
0.34607655
0.5152964
0.80153674
0.9912119
0.98461616
0.7757069
0.9612291
0.8972726
0.544454
0.90899986
0.96509147
0.46269643
0.9850462
0.21290316
0.9868462
0.9783557
0.8987085
0.914826
0.23762843
0.24875605
0.83049995
0.489079
0.9576431
0.99232686
0.9654892
0.9010467
0.2758315
0.2551063
0.24332078
0.39752662
0.59671247
0.7937518
0.7986645
0.3167542
0.58956486
0.48977673
0.6395581
0.40207615
0.37239
0.9168904
0.29703647
0.27180755
0.44527668
0.17452231
0.68847317
0.6039327
0.21725656
0.8575827
0.7651543
0.48089018
0.84343976
0.6413519
0.59808296
0.28194335
0.6433732
0.3203346
0.5022279
0.98687917
0.35134336
0.8341426
0.4360697
0.98557234
0.30577925
0.24573836
0.8464228
0.2823863
0.3282848
0.28856248
0.28048882
0.7771622
0.89555115
0.35943425
0.96139157
0.5037644
0.8997317
0.6156826
0.31204852
0.26951018
0.74642885
0.25440642
0.98723316
0.8087879
0.48163527
0.2664261
0.6267017
0.77052706
0.3902031
0.6597509
0.25663137
0.6001215
0.8403255
0.40294552
0.92463017
0.36877188
0.99359965
0.76668024
0.80053747
0.98180467
0.68322235
0.3327499
0.30386722
0.36320618
0.28417444
0.9585127
0.53090537
0.52587485
0.67206365
0.26680192
0.3607656
0.7051451
0.9971904
0.8000485
0.52451354
0.9671712
0.27794346
0.8990128
0.9979856
0.3629551
0.6526044
0.9996984
0.2992838
0.94462156
0.3622376
0.48857647
0.9905837
0.89664304
0.97127616
0.2927516
0.83878094
0.7481962
0.34035936
0.6622928
0.84735
0.68966854
0.6137171
0.49127522
0.28536123
0.35193664
0.66658264
0.5179325
0.36324298
0.3556031
0.39788714
0.95443356
0.9160618
0.2570919
0.8127139
0.5946978
0.74633163
0.6630754
0.92679477
0.6880333
0.59199905
0.8532285
0.8969891
0.4008727
0.48204207
0.97558886
0.9848371
0.96772933
0.30667618
0.52752864
0.16478871
0.25844476
0.54369235
0.6614242
0.9916499
0.42068434
0.57598543
0.9349802
0.5452542
0.2819674
0.5911509
0.9573917
0.9005233
0.5952817
0.3636324
0.45830366
0.74270177
0.985825
0.4935346
0.29528978
0.9073365
0.41295865
0.44717348
0.40174183
0.36528033
0.28875065
0.6622928
0.41185486
0.69913876
0.8401298
0.79333586
0.3093656
0.66194177
0.27015927
0.25976568
0.9113024
0.8157918
0.8316633
0.3494051
0.3661367
0.63656515
0.27746344
0.6797409
0.5964455
0.40119135
0.30133665
0.67517066
0.6984982
0.8651506
0.27155495
0.99889845
0.30834648
0.24675328
0.9355358
0.9197837
0.9638719
0.9509042
0.4479835
0.5860659
0.60173386
0.25018668
0.3482031
0.33809364
0.53263336
0.2820984
0.84943855
0.9671494
0.8289535
0.8143565
0.76509696
0.1501567
0.92673904
0.91682345
0.29682475
0.2529898
0.29255122
0.767343
0.8514287
0.433464
0.8016341
0.9930728
0.49150947
0.39480725
0.90620875
0.44618145
0.90560603
0.7819618
0.31102735
0.4206331
0.68889385
0.29220113
0.24396059
0.8303858
0.7768888
0.43231368
0.3401246
0.48977673
0.42546418
0.98050386
0.9739531
0.9402664
0.48756856
0.69885486
0.30065423
0.6864141
0.31989175
0.32889238
0.3595619
0.9924684
0.7353398
0.9971904
0.5394521
0.68566114
0.36763725
0.32489514
0.299986
0.29518646
0.8514287
0.25550586
0.27249426
0.82801
0.70157295
0.28837457
0.26840678
0.7958233
0.35095
0.7213743
0.90208936
0.98257554
0.34999958
0.7016081
0.20391853
0.7753348
0.9962564
0.31499365
0.6368056
0.90117234
0.7308886
0.60078746
0.7718593
0.29034558
0.4764286
0.30632484
0.9865555
0.9660693
0.2689001
0.99548686
0.27649727
0.7732808
0.70781845
0.66719866
0.90870905
0.9053544
0.4436466
0.54792964
0.32195592
0.27957138
0.595506
0.60476017
0.6071232
0.40947488
0.49467623
0.2529205
0.91496617
0.18214771
0.6896477
0.8403255
0.32761317
0.98098356
0.53471845
0.72205776
0.71915406
0.6597509
0.802824
0.712187
0.89492816
0.74874634
0.69887817
0.5129221
0.8969994
0.61991256
0.9715478
0.36168188
0.6005666
0.4293012
0.96174467
0.9388778
0.27654052
0.948968
0.63197845
0.96514916
0.9501384
0.9572824
0.6468505
0.49489817
0.48089018
0.34142867
0.9717698
0.82214415
0.317562
0.6422204
0.8986834
0.33578396
0.4087397
0.67050964
0.28391477
0.83206004
0.48163527
0.79520553
0.93577933
0.36337727
0.5009186
0.82950455
0.34781653
0.6087609
0.42751256
0.98311234
0.48163527
0.35868308
0.7998603
0.28091207
0.61327
0.24822892
0.7994961
0.60426676
0.78307873
0.26923496
0.81915873
0.43034065
0.8044228
0.254437
0.38396668
0.9600032
0.7822298
0.35083625
0.89990586
0.56575197
0.3122805
0.6504832
0.5416334
0.89966965
0.46722388
0.76939076
0.2535797
0.9123412
0.6296334
0.7820028
0.30846846
0.7241818
0.9514488
0.7083054
0.60560155
0.79202193
0.5406663
0.34846592
0.7758072
0.7996694
0.95785505
0.3559797
0.30650732
0.5005571
0.98325396
0.4994949
0.9189893
0.368378
0.96557397
0.989559
0.6949554
0.62308735
0.6075789
0.5484027
0.3993777
0.861243
0.63501686
0.91944814
0.4996225
0.6981772
0.835484
0.35413054
0.32198292
0.42811096
0.9000667
0.35546938
0.7150987
0.36873314
0.2006427
0.90213895
0.9637266
0.38978216
0.7705878
0.90376294
0.96489996
0.6828943
0.9596931
0.957988
0.8809861
0.97893775
0.71061087
0.62632227
0.986146
0.75667334
0.31001788
0.95669687
0.7827818
0.5973149
0.8038324
0.79961425
0.49913883
0.9901305
0.31414914
0.3506151
0.36629564
0.6580909
0.9888512
0.7230979
0.9729134
0.5996046
0.974639
0.99889845
0.88118076
0.61753386
0.39674813
0.89540166
0.98713666
0.99567986
0.58303845
0.9721572
0.66330075
0.51866627
0.5354188
0.49360928
0.2899954
0.39259544
0.35303077
0.46031743
0.49817398
0.90734076
0.84780365
0.8962779
0.9996984
0.35850164
0.29185453
0.5655344
0.27875578
0.8619654
0.71219593
0.26021832
0.3577451
0.97177243
0.95192814
0.36910304
0.1862913
0.34796098
0.34325212
0.44790718
0.91973215
0.5074657
0.3490757
0.75756955
0.6500068
0.7133132
0.9588949
0.92366356
0.20103453
0.9970308
0.972491
0.29747388
0.3277312
0.98961043
0.9914088
0.81500417
0.34351605
0.23061201
0.24900982
0.66957563
0.7789848
0.7639682
0.4377434
0.9540491
0.34243643
0.72802657
0.5453379
0.6359832
0.25051183
0.7098062
0.3016728
0.6214495
0.601169
0.227857
0.9601202
0.898256
0.9039566
0.44115764
0.7297887
0.9532638
0.10028879
0.35392427
0.3567684
0.3173327
0.25563514
0.5515645
0.8981045
0.9006654
0.40137082
0.47501773
0.44319737
0.80024546
0.70751184
0.5946507
0.9564352
0.25390843
0.40309688
0.79031485
0.3402109
0.3578026
0.340529
0.28476447
0.7861434
0.9502546
0.4852801
0.613904
0.43054748
0.53094727
0.92046845
0.34486172
0.30617812
0.25122768
0.8964323
0.8009284
0.7380162
0.8020966
0.54732263
0.31288412
0.27009508
0.3421717
0.3614484
0.76741
0.9777796
0.6847368
0.8038596
0.5399382
0.92254984
0.42981955
0.69618833
0.5977439
0.2491688
0.66637456
0.32277322
0.3012347
0.696857
0.9971904
0.98722434
0.4935503
0.997854
0.3579327
0.6492615
0.43283236
0.20879126
0.8963216
0.95192015
0.43711475
0.5503576
0.3668105
0.7782012
0.8191339
0.49013624
0.98436356
0.2968894
0.9606079
0.50492924
0.48329717
0.34492487
0.9097669
0.2947195
0.35894015
0.6146218
0.8514287
0.7340154
0.65730256
0.75177896
0.28741318
0.9565217
0.90859663
0.28515878
0.43633226
0.313514
0.6461383
0.30685928
0.29093742
0.9598795
0.48163527
0.35194972
0.2688115
0.3973086
0.74753726
0.74161285
0.7749209
0.9009601
0.27441737
0.27564305
0.40893924
0.2925673
0.5564374
0.40755287
0.75050163
0.89315754
0.95531017
0.9277434
0.26716834
0.25324932
0.60190725
0.9736772
0.36291593
0.34110653
0.29620135
0.5985407
0.47350833
0.43425763
0.89871436
0.6266844
0.7617562
0.35690263
0.26468056
0.39712355
0.49617335
0.34355712
0.29754016
0.3704169
0.6280289
0.6606697
0.5034047
0.83136207
0.95408714
0.97896403
0.8131266
0.56134826
0.6820106
0.9139307
0.49560067
0.75419635
0.19511385
0.7635501
0.9866255
0.50601184
0.7861422
0.3000885
0.49735844
0.26163244
0.9970308
0.7229022
0.3520612
0.61096746
0.8527101
0.2600369
0.21942109
0.9161893
0.7014564
0.8322802
0.47502556
0.3573244
0.5447415
0.35858706
0.5453426
0.8222344
0.31531918
0.29187417
0.63743824
0.79508996
0.93427277
0.34732407
0.53099
0.40149418
0.7897444
0.9526992
0.54578835
0.38800314
0.29708254
0.83289355
0.63677907
0.2642832
0.9929666
0.5906509
0.81898016
0.55147374
0.60005695
0.8977933
0.9857217
0.74729556
0.23948497
0.9324944
0.7212282
0.48163527
0.66449827
0.69937736
0.73937464
0.8999696
0.934505
0.46044654
0.29707035
0.5898737
0.98178846
0.8259807
0.34222227
0.6006383
0.95943934
0.3531236
0.9205709
0.7520918
0.484399
0.29800424
0.28771824
0.6135215
0.4401659
0.26617745
0.24232097
0.5024115
0.24450676
0.5014354
0.99966186
0.39289537
0.9551857
0.89841825
0.70647347
0.9152474
0.688053
0.99889845
0.2616308
0.89396286
0.7658773
0.8501132
0.35473034
0.33927178
0.34945455
0.35217044
0.7972468
0.49983358
0.9234395
0.36911404
0.9011361
0.6949193
0.28562897
0.9980325
0.98279756
0.35074636
0.9242018
0.5437682
0.49595508
0.7317153
0.3028663
0.50043005
0.59442884
0.26788327
0.23654811
0.7758814
0.9133083
0.9544466
0.4964451
0.2568347
0.7938824
0.630443
0.7784731
0.24644105
0.43016538
0.3467936
0.27688393
0.649021
0.9586881
0.3920737
0.83259815
0.6050546
0.5976335
0.33349586
0.333954
0.71185297
0.9853291
0.29794258
0.6614242
0.36576027
0.93248534
0.9976717
0.8341426
0.275752
0.23754822
0.77415806
0.2738094
0.9414836
0.7966107
0.19812927
0.9579179
0.77352065
0.3834116
0.97765946
0.7001637
0.39631036
0.44315788
0.35452813
0.28937984
0.97892326
0.351158
0.7940893
0.64861536
0.9611052
0.6032213
0.8008839
0.42755568
0.2607049
0.9055401
0.30098265
0.9893916
0.83049995
0.99305695
0.27645192
0.9692012
0.90035075
0.97049433
0.27079257
0.27873713
0.9879523
0.7006064
0.49809065
0.27946702
0.58118635
0.31198055
0.448587
0.6409799
0.3242586
0.59983057
0.57694924
0.3929169
0.9605195
0.5508234
0.9782211
0.36044967
0.4254179
0.36394337
0.3461558
0.9166913
0.5522169
0.2622618
0.39822862
0.6779913
0.99889845
0.9970308
0.18387397
0.75096697
0.6366405
0.9138111
0.9134913
0.3960948
0.6348521
0.8970707
0.5856415
0.9272484
0.29139182
0.424056
0.637961
0.376283
0.2720174
0.98162246
0.8302465
0.29634416
0.59829485
0.9971904
0.3534935
0.79319906
0.32254848
0.6818672
0.39572775
0.75860524
0.30320305
0.97383696
0.29364395
0.26426014
0.57123774
0.7011238
0.65135956
0.41685584
0.46614176
0.49404445
0.40138105
0.28448573
0.35911146
0.4477894
0.47735333
0.30135798
0.2641273
0.39256376
0.2140034
0.29960245
0.2685597
0.2823496
0.99029434
0.7429275
0.66805845
0.45207703
0.24702562
0.27381608
0.44062784
0.4471374
0.9492985
0.4380969
0.37206116
0.20151937
0.20658448
0.90748954
0.48876005
0.60249174
0.9970308
0.7384184
0.7093371
0.42284095
0.525018
0.8883644
0.7819656
0.2903649
0.36538577
0.2971725
0.39440817
0.95645005
0.16024464
0.36991742
0.7082806
0.35360637
0.9564994
0.83878094
0.906513
0.95093554
0.7547642
0.75648886
0.53931576
0.97123337
0.22635463
0.6027828
0.47753164
0.46244788
0.8341426
0.2950785
0.74818933
0.98388135
0.49075136
0.9506834
0.8604038
0.30032524
0.55188507
0.9785274
0.76145524
0.96957624
0.6140459
0.7727533
0.86970806
0.46644962
0.3987748
0.93998146
0.51074165
0.2760995
0.25800744
0.5307218
0.43570778
0.29925027
0.26774
0.71855503
0.35941893
0.6421203
0.90057087
0.8514287
0.70213646
0.92187184
0.89862037
0.3691109
0.4439619
0.24506849
0.60015833
0.57794106
0.6597509
0.47552875
0.34093243
0.39323822
0.27403787
0.873336
0.974104
0.4283884
0.6622928
0.9862829
0.78153574
0.36311635
0.69033027
0.49581844
0.913745
0.22562696
0.6614242
0.3684682
0.59674215
0.21539062
0.81618303
0.29185718
0.50789493
0.98375225
0.1913551
0.36613762
0.75254744
0.55442035
0.7399
0.9920269
0.65966856
0.23767848
0.7822057
0.24691735
0.89665943
0.80981
0.2850494
0.26555014
0.9715406
0.9991212
0.35700604
0.5850644
0.7158024
0.6882266
0.42573878
0.97179955
0.270724
0.36640924
0.43760157
0.75770533
0.30867583
0.38907328
0.8391856
0.8388448
0.39883453
0.40284184
0.40569225
0.38832763
0.3555819
0.34345615
0.5886785
0.2832367
0.30830526
0.59726506
0.8353152
0.7402041
0.59534836
0.9642998
0.3451034
0.6004202
0.33135593
0.33627665
0.8021076
0.59848213
0.9002226
0.35124102
0.41317272
0.54130703
0.9817056
0.8594708
0.84457034
0.96415067
0.19567809
0.42107087
0.5725652
0.34253076
0.98958975
0.3035459
0.6713914
0.80345595
0.39695263
0.3489685
0.33160913
0.6981174
0.2899496
0.92550874
0.9875322
0.6919776
0.3605975
0.78425044
0.6276447
0.21888132
0.1650775
0.6819357
0.3152785
0.5454356
0.9837146
0.36372438
0.7104783
0.7550741
0.8476548
0.4160827
0.7729403
0.7530119
0.9135949
0.49739373
0.9186458
0.5071204
0.489079
0.32506672
0.252304
0.53318495
0.9865194
0.27105638
0.58671093
0.17571391
0.7199856
0.9764135
0.92003345
0.22130074
0.8198779
0.48980337
0.4018441
0.9282585
0.6622928
0.9530545
0.33467478
0.34188753
0.4176004
0.9975961
0.7201564
0.65090513
0.6727511
0.8001645
0.7515863
0.2913681
0.97066396
0.39427322
0.9085066
0.2622689
0.4421025
0.9735992
0.9216793
0.28016603
0.45784026
0.99831945
0.5519962
0.5569848
0.2996172
0.87823296
0.9853613
0.2663752
0.7998922
0.69859904
0.74550015
0.29258883
0.9594932
0.8404164
0.9098026
0.5950508
0.5967315
0.8394569
0.4926783
0.48074615
0.28221315
0.34072205
0.67985004
0.28189322
0.34172836
0.6689617
0.2602856
0.30106625
0.49003068
0.96122277
0.26355118
0.8122625
0.34026125
0.9996984
0.287438
0.68537146
0.6049275
0.49809846
0.29299164
0.6286576
0.96116215
0.3105352
0.28212363
0.9980325
0.39838645
0.9382789
0.8997151
0.59938365
0.9799114
0.37293977
0.5835145
0.9875367
0.2802624
0.43538314
0.7728497
0.6555841
0.3891152
0.48228207
0.4865014
0.99744153
0.5272767
0.96154165
0.90673614
0.35201225
0.395348
0.29198083
0.34272236
0.36939406
0.36139116
0.69351894
0.77981097
0.6376706
0.979525
0.2930647
0.19683166
0.6968064
0.6861583
0.98946893
0.97889453
0.5821164
0.8588115
0.3059752
0.63714546
0.3679791
0.7825104
0.31797582
0.39794534
0.29403588
0.50010926
0.79997754
0.30228567
0.24450716
0.6857802
0.26645303
0.7677254
0.9716113
0.23156813
0.91070545
0.33028242
0.6169293
0.6427225
0.9613932
0.6788228
0.346531
0.28810516
0.8537253
0.5465755
0.47438028
0.43073756
0.5705785
0.5041152
0.20870948
0.7073135
0.3626792
0.9568193
0.5518627
0.8084189
0.43495563
0.5821047
0.9923792
0.7825816
0.48904446
0.2948596
0.5959378
0.9515821
0.94154936
0.6835115
0.960488
0.19723712
0.93749976
0.90355337
0.70796347
0.3299099
0.6359289
0.6559502
0.3547067
0.719391
0.29548836
0.2961792
0.50370324
0.21389464
0.18844524
0.5898787
0.20332563
0.9770195
0.77444875
0.7263792
0.98828286
0.27672037
0.28763512
0.7504056
0.489079
0.40062824
0.31857944
0.6729618
0.32680213
0.356395
0.9682537
0.2917161
0.27278525
0.2676552
0.2820367
0.36203307
0.29482812
0.34202236
0.77996945
0.95826465
0.6597709
0.99102265
0.6992438
0.27935302
0.5006807
0.96957916
0.7829562
0.96571183
0.82247174
0.64966595
0.54562795
0.59015775
0.93662244
0.8132072
0.35367882
0.9788601
0.7005736
0.29730442
0.3252902
0.63896
0.7092931
0.5307645
0.7855265
0.27446625
0.54515105
0.5305952
0.20055261
0.35694963
0.9449546
0.9112331
0.4521783
0.32948956
0.7918805
0.8281928
0.25427988
0.98182034
0.26440048
0.9080474
0.49822313
0.33840942
0.49803287
0.9011412
0.33633062
0.7690219
0.8949431
0.39944357
0.4045547
0.78781456
0.27616164
0.6614242
0.34719244
0.9013554
0.907087
0.80971956
0.9066083
0.2912092
0.32433134
0.902747
0.8260118
0.2874057
0.39789155
0.36987287
0.5260338
0.8966122
0.9782148
0.4918106
0.59071594
0.98942745
0.7092919
0.76250404
0.253872
0.9991826
0.3722644
0.29826134
0.32419983
0.51229703
0.99744153
0.22009267
0.40508586
0.44274762
0.3432075
0.5063503
0.8022312
0.7101246
0.70311284
0.34441146
0.41956162
0.78867567
0.3433407
0.69919276
0.224606
0.44437912
0.32802302
0.35082045
0.37152666
0.28077883
0.8239701
0.9672643
0.6379026
0.40193838
0.6679308
0.49493554
0.89330035
0.2535349
0.82264936
0.41954052
0.9970308
0.48818746
0.8663357
0.95627034
0.35398668
0.5860425
0.9561463
0.4142668
0.28841656
0.984141
0.23204397
0.7006269
0.5230677
0.6703802
0.29698995
0.9299026
0.29523736
0.6882841
0.8273678
0.29428312
0.75604033
0.9012628
0.9403603
0.6998032
0.7821745
0.9945784
0.29766837
0.29480946
0.3035616
0.60391694
0.7616488
0.9551715
0.7812385
0.34943873
0.2508881
0.7705523
0.270972
0.3504432
0.39766783
0.95130205
0.5460922
0.5721209
0.3929371
0.489079
0.7829372
0.99224514
0.30804902
0.23755527
0.96501005
0.79919827
0.71422714
0.9979856
0.73413837
0.9111062
0.5938509
0.40403745
0.60654765
0.95979774
0.45024797
0.7120698
0.8514287
0.64351124
0.89921683
0.9035652
0.41667014
0.67674077
0.68315595
0.33638963
0.3921983
0.83636725
0.35573402
0.4497139
0.77195853
0.23506294
0.8341426
0.29395893
0.9298455
0.330351
0.95945644
0.9971904
0.2059698
0.75523955
0.34792373
0.49635917
0.78679585
0.54045284
0.29813126
0.33918825
0.82611465
0.49404445
0.5803235
0.6390962
0.74066645
0.2918829
0.66194177
0.39640468
0.4841152
0.6132717
0.69532794
0.4306086
0.6573124
0.31095165
0.32575592
0.9708745
0.54033875
0.60733163
0.72765565
0.34757388
0.81320333
0.51492006
0.6938833
0.75161225
0.49710533
0.41100764
0.78536063
0.49028397
0.95910275
0.5326811
0.8617312
0.31601793
0.5188982
0.20547181
0.26741216
0.51961046
0.6324526
0.6938833
0.39944014
0.2854372
0.84697443
0.65795815
0.93581504
0.24370724
0.91595393
0.36587965
0.31586796
0.5518726
0.6717465
0.99460936
0.9701064
0.3712659
0.5449851
0.36163944
0.4798436
0.8671035
0.6090527
0.23561965
0.54532444
0.29040447
0.30530766
0.61878717
0.48141834
0.2992778
0.40604165
0.29531997
0.30456898
0.9618294
0.2992174
0.3359508
0.8524305
0.26889497
0.37120238
0.905649
0.72716606
0.8021706
0.61616844
0.66194177
0.28682452
0.5189299
0.35087195
0.6517755
0.7440754
0.7169188
0.5413833
0.527166
0.99493754
0.3206944
0.97877425
0.75681245
0.5428125
0.6774023
0.95775706
0.3991261
0.6206642
0.3452934
0.2534873
0.5169426
0.24644093
0.2936403
0.8931958
0.9512458
0.8348977
0.7423654
0.28196612
0.9755089
0.48977673
0.29219195
0.573647
0.35235092
0.48597404
0.48978463
0.96012866
0.2788104
0.7193179
0.61592734
0.96129453
0.41067713
0.2660801
0.68056774
0.5411915
0.94457525
0.34917128
0.8395498
0.26121825
0.27301517
0.8062542
0.73826045
0.31124038
0.5945689
0.60278165
0.73800105
0.41550538
0.33812582
0.6779153
0.28222805
0.30280206
0.98343056
0.84628373
0.36901566
0.5022785
0.23536369
0.91656613
0.83425736
0.9620912
0.30574518
0.2313302
0.48089018
0.29023656
0.5888909
0.98507375
0.84424585
0.3628077
0.8050408
0.2555801
0.9793981
0.27707213
0.49796116
0.36122152
0.48254952
0.9653465
0.34621748
0.34808096
0.92257386
0.7655969
0.33866924
0.50188726
0.69924337
0.47974783
0.2950289
0.30592814
0.3490081
0.8499029
0.4880906
0.6056612
0.9431199
0.32155773
0.2981539
0.344024
0.48163527
0.5016435
0.20752192
0.4835299
0.60806274
0.3429434
0.9842532
0.84766114
0.24162863
0.25671798
0.86802167
0.4018522
0.84073365
0.31273323
0.99914074
0.31587633
0.4390992
0.9971904
0.82610327
0.33583397
0.368995
0.7991531
0.4071537
0.9907256
0.55018777
0.9979856
0.9706636
0.4402205
0.74421567
0.45063657
0.90001506
0.36923182
0.7513862
0.32632416
0.8406169
0.6300399
0.29672074
0.80859405
0.5416578
0.33209223
0.7124503
0.9941893
0.27345994
0.26264033
0.97034127
0.42776313
0.44259307
0.33685762
0.4424934
0.32318404
0.9029462
0.44314373
0.97295403
0.27027184
0.9865784
0.7231736
0.34366167
0.4712679
0.43561974
0.6044826
0.55422854
0.38638988
0.24941857
0.83674854
0.32804924
0.6485057
0.39881745
0.40892786
0.26849332
0.95333403
0.33323553
0.9522228
0.21850857
0.89618987
0.74569356
0.24197984
0.5205647
0.9608911
0.50358486
0.49051797
0.89601284
0.24491228
0.7993526
0.92841554
0.36492136
0.95409966
0.27461782
0.7374302
0.7767791
0.35775787
0.7882645
0.35567555
0.43877476
0.68494135
0.43396068
0.5312652
0.5027136
0.34931564
0.99831945
0.43204716
0.8983749
0.9625096
0.9970308
0.26363936
0.8367584
0.5026146
0.43016058
0.5327656
0.39816895
0.28217834
0.49154204
0.62057906
0.99831945
0.24832302
0.8403255
0.9367552
0.27352825
0.95323586
0.6973238
0.35791272
0.69565827
0.42994374
0.28031924
0.95963216
0.8443998
0.36809286
0.28607452
0.55682987
0.7005279
0.35429755
0.7986033
0.9047577
0.50197667
0.44230297
0.32828313
0.99831945
0.2112275
0.5302883
0.7675999
0.43828633
0.28859928
0.6423379
0.20078887
0.8050057
0.5060393
0.5507083
0.45007667
0.60635555
0.9980757
0.95355165
0.2818281
0.60942525
0.28348055
0.9622233
0.33940777
0.99272937
0.70134664
0.92168576
0.54587
0.5161898
0.32351252
0.29171053
0.40663996
0.30108932
0.5242509
0.5998651
0.34830394
0.16263212
0.82586986
0.19694857
0.28911746
0.36088017
0.9891108
0.3515863
0.7373217
0.39286548
0.27376473
0.7830379
0.66306454
0.3451211
0.40754762
0.3163823
0.6751971
0.33107838
0.39501166
0.9722749
0.5857635
0.6451952
0.7476119
0.9524559
0.4954962
0.2522302
0.66731465
0.9524622
0.297708
0.28825173
0.80843806
0.28717738
0.47800407
0.2976989
0.31163126
0.97481924
0.8514287
0.97778386
0.27720588
0.71083206
0.45341402
0.94822234
0.29614747
0.23733449
0.9190394
0.36225402
0.97697234
0.3686561
0.9681831
0.9970308
0.7142253
0.688691
0.97488403
0.71486926
0.25615737
0.43427917
0.604968
0.70048285
0.4191516
0.2981626
0.22924949
0.43402815
0.2616896
0.38603026
0.6316394
0.4763595
0.25721744
0.99744153
0.36645982
0.3367737
0.8948591
0.24607313
0.31358084
0.28698465
0.74267167
0.95347786
0.35289708
0.28357685
0.21611911
0.90043044
0.89824
0.3317993
0.46092537
0.23154277
0.9329913
0.5896604
0.27132735
0.42526603
0.93045396
0.38534522
0.27976316
0.28629866
0.72825724
0.6004082
0.33528334
0.36562344
0.35621455
0.7489715
0.8463518
0.32881892
0.36195818
0.40180025
0.49120888
0.9980325
0.9827856
0.8546859
0.42766634
0.59331185
0.96995676
0.99372494
0.80004
0.99507207
0.49907756
0.9008678
0.8997657
0.95108646
0.44158596
0.5452141
0.28274953
0.5067447
0.40372074
0.89959365
0.99313205
0.43218547
0.3784709
0.27578798
0.9857499
0.80411077
0.40280268
0.6788334
0.77748895
0.47050685
0.90629333
0.49332604
0.65907544
0.71550906
0.37209025
0.45129272
0.96503043
0.49404445
0.84874356
0.29892716
0.19967064
0.7740052
0.96925336
0.82756025
0.45643088
0.35767725
0.45869628
0.8174632
0.35793233
0.40243658
0.64572066
0.3715417
0.49659353
0.31006232
0.9147475
0.3459106
0.35481277
0.3532427
0.33241552
0.43688378
0.99831945
0.2822048
0.40105924
0.33063
0.42071933
0.8402901
0.28774166
0.98629975
0.5023862
0.9568904
0.80698276
0.8073228
0.6060559
0.2975987
0.9840374
0.9934226
0.97374475
0.5552829
0.28035596
0.5306294
0.32135826
0.26450992
0.33534232
0.70697767
0.9738024
0.14871474
0.703891
0.39795774
0.9981241
0.99889845
0.28865764
0.99477416
0.5659557
0.6938833
0.30063477
0.28959715
0.9000599
0.8540074
0.9474684
0.9685245
0.27514493
0.4295263
0.39892772
0.9587157
0.2692582
0.35267127
0.99878514
0.5702047
0.8199731
0.54376143
0.60196966
0.97599584
0.7640603
0.58898276
0.36929625
0.977454
0.35291678
0.48473
0.92822033
0.95315886
0.93339604
0.53213036
0.3382563
0.53247947
0.5044175
0.9979856
0.29885778
0.3558869
0.7744169
0.7126869
0.488276
0.5906451
0.7391354
0.68131214
0.932381
0.5696612
0.8331881
0.34860054
0.5430683
0.96651024
0.62069666
0.8494939
0.53885037
0.59538966
0.6744402
0.42950273
0.30793798
0.33989772
0.60037965
0.6622928
0.37040803
0.25019452
0.96509737
0.54340255
0.6597509
0.8988231
0.33856016
0.9188833
0.49404445
0.33441457
0.76804215
0.2359436
0.69807756
0.967522
0.7202446
0.51921797
0.7162897
0.5970932
0.2787882
0.90254277
0.71122444
0.26237258
0.99334395
0.39490443
0.39926583
0.29832292
0.2979708
0.995328
0.66194177
0.29681006
0.95152956
0.79144573
0.52966326
0.8368139
0.3038203
0.983243
0.65073574
0.9675254
0.3493542
0.7016014
0.9610134
0.4179598
0.67229426
0.698947
0.2641649
0.60738707
0.29667217
0.34932953
0.489079
0.27719676
0.2875679
0.47740465
0.38612938
0.44489855
0.6084624
0.3950949
0.35573965
0.98765314
0.542785
0.29810876
0.7714727
0.30831504
0.53191996
0.7648844
0.6364625
0.49812734
0.79353154
0.9880937
0.90467393
0.78819084
0.5460089
0.46032688
0.31274813
0.32395408
0.9012129
0.8401823
0.9952769
0.9971058
0.93249935
0.8813413
0.25965604
0.9282645
0.39283544
0.35454932
0.6048991
0.81160647
0.34866798
0.7420762
0.8403255
0.33046886
0.59206575
0.25137278
0.3438715
0.9918112
0.4401443
0.36336422
0.34901112
0.25624245
0.78546286
0.6405087
0.43204796
0.43287963
0.6011294
0.29697278
0.5928146
0.30515042
0.96352303
0.56284183
0.3651129
0.9835972
0.9775253
0.9628954
0.68540347
0.79979825
0.5594498
0.95063514
0.7541188
0.55505145
0.9672199
0.79854345
0.3015963
0.34887314
0.26986495
0.6012206
0.9574528
0.32194284
0.28242972
0.34703577
0.29716313
0.3472246
0.6611069
0.24950422
0.99349505
0.49180055
0.54024965
0.28681695
0.70494294
0.5180156
0.6002944
0.3381066
0.43259612
0.3478896
0.27362728
0.6052465
0.3464424
0.5931435
0.66194177
0.43734285
0.95061374
0.83454293
0.2689337
0.30390248
0.8989679
0.59520245
0.24580958
0.9306594
0.83686996
0.5591285
0.60400456
0.3170559
0.7168018
0.58454317
0.9940117
0.5642401
0.35510048
0.953884
0.91598
0.7177438
0.54503095
0.26958603
0.7060955
0.28113076
0.28015712
0.4004548
0.822009
0.689806
0.5874918
0.42983505
0.42723763
0.27754703
0.7370589
0.93767035
0.6517739
0.6020336
0.34213933
0.7834936
0.9025576
0.6875739
0.40947613
0.9968434
0.77219814
0.7472639
0.61234665
0.9570224
0.6156671
0.90030026
0.9578353
0.8443389
0.89906865
0.74157655
0.29133496
0.3498054
0.8514287
0.2844093
0.27649897
0.35277483
0.4687846
0.9979856
0.29357705
0.6997158
0.2586413
0.39777797
0.25201494
0.569016
0.9794737
0.37266305
0.6023613
0.35458508
0.29516062
0.6394742
0.29315767
0.7557216
0.7464164
0.4025517
0.28038925
0.8933376
0.23629124
0.30294335
0.30679587
0.9988938
0.2863951
0.76190275
0.29266015
0.79689384
0.50412136
0.32892805
0.5086698
0.99831945
0.2936614
0.4016759
0.5458215
0.29467735
0.3550816
0.8351232
0.96864367
0.74188566
0.35951126
0.70231086
0.75046414
0.77983993
0.9693014
0.8952338
0.34714624
0.3157522
0.99945647
0.7508613
0.36484998
0.48089018
0.7059869
0.28500947
0.20593913
0.3229462
0.9974023
0.7674599
0.38459602
0.7448077
0.4427004
0.4879822
0.36617303
0.3702588
0.2361032
0.24881339
0.90165055
0.95697594
0.7809039
0.5115519
0.8514287
0.760684
0.8362363
0.35773543
0.34222952
0.4899053
0.3902892
0.72409713
0.19282034
0.6555439
0.5326337
0.48526365
0.29829386
0.48350704
0.72911465
0.9146418
0.29907885
0.49731734
0.73794764
0.37973645
0.8973235
0.2996927
0.57918113
0.5776561
0.69090337
0.29663053
0.47179905
0.90428853
0.7012085
0.98251647
0.35563338
0.27443948
0.8949422
0.98127836
0.9679049
0.2976735
0.91933024
0.40408877
0.9085875
0.5443803
0.5853721
0.33026212
0.98872656
0.70642257
0.78072566
0.33874616
0.6672309
0.2694452
0.57018644
0.90073043
0.58359575
0.58919793
0.2816783
0.6614242
0.68642575
0.30421558
0.9871783
0.5023924
0.489079
0.30067885
0.6825978
0.70084125
0.22273286
0.708573
0.35572878
0.32757097
0.489079
0.63855195
0.15465502
0.29208595
0.5273794
0.897694
0.7403899
0.32157674
0.48962796
0.46240455
0.25818095
0.949071
0.71229696
0.5136994
0.9638667
0.6938833
0.41280955
0.64203435
0.23656416
0.28716537
0.91735315
0.7563749
0.6325748
0.8960948
0.773501
0.99889845
0.61557245
0.72358763
0.8514287
0.7406989
0.18557449
0.29242334
0.3685237
0.34388104
0.3615708
0.9285845
0.77878106
0.32068694
0.3974782
0.68540704
0.7809016
0.8988165
0.48828006
0.22877769
0.7731294
0.40170848
0.59510005
0.5088899
0.83277833
0.25171635
0.34608954
0.5140064
0.7393614
0.40106013
0.490736
0.22952813
0.48089018
0.6962818
0.5998985
0.9261429
0.4032762
0.95853984
0.89883447
0.31534922
0.2635512
0.35684934
0.3414349
0.6577654
0.29620454
0.43933648
0.49087074
0.2892882
0.5991585
0.22365528
0.70565075
0.2796357
0.98781097
0.9980757
0.2899397
0.9848998
0.80875975
0.7384053
0.6996118
0.34753695
0.8947548
0.36403078
0.3122873
0.30206192
0.8656082
0.2664271
0.75235516
0.2904966
0.30058974
0.49815387
0.75333023
0.6911397
0.98978055
0.32551685
0.3003918
0.28230315
0.8341426
0.29136825
0.8408939
0.89874995
0.39199042
0.51282966
0.27325097
0.4895576
0.75303507
0.9112066
0.8052092
0.6994371
0.90305954
0.576885
0.6901194
0.5059922
0.2791314
0.36192572
0.9970308
0.2515664
0.6691454
0.89994067
0.60343057
0.31043997
0.8008846
0.36866593
0.5606316
0.35682246
0.35798928
0.6689171
0.38458285
0.75549793
0.5408047
0.9487927
0.8387341
0.24990849
0.48664868
0.83354765
0.26673907
0.9687601
0.7667583
0.7919116
0.35864025
0.4378127
0.7786931
0.4052967
0.7187144
0.28413495
0.57395244
0.32968533
0.24351017
0.31103864
0.15334709
0.44982493
0.6813617
0.43565053
0.5164377
0.86216116
0.6326823
0.2988774
0.3726738
0.9971904
0.9569786
0.53985864
0.501647
0.9849246
0.94048125
0.90325683
0.6567099
0.87325495
0.8020093
0.49845505
0.3486368
0.3361829
0.35731155
0.35520527
0.59013724
0.35217893
0.79844177
0.32326376
0.297634
0.8021535
0.26720485
0.42277583
0.28469196
0.20586248
0.8317434
0.33924428
0.4519326
0.71831053
0.95638084
0.40540853
0.29965836
0.35518754
0.24024951
0.59721804
0.58916533
0.37153107
0.294055
0.79929525
0.8311163
0.27993652
0.67709625
0.53899056
0.37195715
0.50138575
0.34383562
0.49028128
0.96161324
0.36930856
0.9767827
0.36881092
0.35344693
0.37341163
0.2660391
0.6716178
0.25086895
0.5164639
0.31623513
0.61441296
0.31524825
0.9181484
0.8970229
0.99889845
0.33933058
0.795471
0.64690065
0.96786755
0.6776617
0.64539903
0.503053
0.657035
0.9919816
0.35492817
0.89532936
0.99544793
0.98705584
0.8341426
0.35995424
0.5592553
0.71347564
0.58532375
0.32853895
0.47384483
0.2898511
0.77681494
0.99744153
0.7715498
0.99831945
0.80506283
0.3170776
0.8153438
0.9985329
0.27306992
0.43189436
0.81168413
0.27935266
0.29512212
0.39290732
0.43262175
0.40728617
0.26107457
0.96167105
0.5422118
0.953044
0.48226136
0.6396159
0.267288
0.68198276
0.56712663
0.35767093
0.9774393
0.29126638
0.99744153
0.36748734
0.3384977
0.4454545
0.49684784
0.8046897
0.96951735
0.18086796
0.3796786
0.25585666
0.6963221
0.9864997
0.4572017
0.37231416
0.64398646
0.80006987
0.2676736
0.9144832
0.44129795
0.322773
0.91475254
0.82208204
0.40941748
0.76510745
0.8069281
0.59355307
0.78990364
0.34435028
0.95316947
0.9026604
0.3069517
0.96031106
0.7777902
0.44717023
0.8480125
0.241004
0.90345734
0.21688849
0.49404445
0.7503346
0.50607675
0.5907858
0.5516433
0.6011879
0.35853076
0.6349121
0.62759626
0.45876867
0.8000167
0.9883397
0.9684292
0.8998444
0.48686087
0.77766925
0.97535866
0.95743066
0.9596108
0.9648752
0.5860778
0.79965544
0.49332735
0.9096107
0.9783478
0.49378517
0.27235785
0.9792094
0.72233695
0.90071315
0.36984444
0.3311899
0.48523572
