0.2996464
0.31285328
0.25254476
0.049849443
0.999999
0.89236104
0.6009544
0.95712954
0.17952572
0.12908985
0.17087469
0.1303827
0.57429874
0.6020315
0.25943837
0.7995888
0.38941467
0.9045979
0.5943582
0.8096266
0.60754365
0.05412035
0.12334221
0.15223457
0.9423859
0.25602984
0.41169924
0.79528177
0.59923816
0.11591477
0.81177574
0.9999999
0.8851102
0.43416607
0.6246576
0.18388109
0.7481492
0.1835905
0.31541666
0.8042375
0.9371824
0.56015694
0.8980756
0.5132445
0.9999998
0.9000711
0.943242
0.99999994
0.59108114
0.12826142
0.9999988
0.90241325
0.26893553
0.50685525
0.1730287
0.44054517
0.06027497
0.8999066
0.9999992
0.8917323
0.81087124
0.99999994
0.33936337
0.8412821
0.73762065
0.11728863
0.8996518
0.57836276
0.25492334
0.50839335
0.90862733
0.921012
0.13707751
0.09984381
0.3309732
0.25137353
0.8972218
0.99999964
0.15406601
0.6274537
0.120533645
0.17790297
0.16582395
0.9953369
0.79446447
0.9995324
0.8010731
0.33613518
0.99999994
0.07514007
0.56232655
0.8980401
0.71236145
0.9996963
0.8007374
0.5752608
0.062091194
0.70196027
0.9999992
0.41895658
0.7682378
0.15079875
0.10958853
0.17928326
0.99999994
0.33658105
0.37124792
0.39873543
0.14777808
0.25088963
0.1766979
0.79845196
0.7922738
0.6968338
0.7126656
0.424945
0.9999999
0.29971877
0.098978736
0.9278909
0.69070345
0.7885421
0.118905224
0.9999994
0.59508574
0.34119108
0.06530553
0.60410255
0.5988994
0.13022418
0.028608363
0.49212715
0.4192479
0.31560436
0.49919745
0.9999996
0.84532446
0.27860254
0.30084828
0.90842205
0.30611888
0.9995324
0.9999994
0.2491117
0.4872211
0.3415187
0.3756338
0.2540404
0.83146465
0.097395495
0.17440994
0.8994834
0.8939043
0.8087713
0.6594092
0.7376417
0.05333904
0.30301568
0.30514982
0.6076776
0.99999994
0.047969
0.30179846
0.99469566
0.033943582
0.6002825
0.8991763
0.17196077
0.29597005
0.123148516
0.8120332
0.5557419
0.6943567
0.059405565
0.15936722
0.79928917
0.99999976
0.8001524
0.54967034
0.019915648
0.28674582
0.49365854
0.2503865
0.16525637
0.15997982
0.8132414
0.12057133
0.14580409
0.34316877
0.49597827
0.10732083
0.9999989
0.8042921
0.4176756
0.34967566
0.11527866
0.28240547
0.99970007
0.7288821
0.60640264
0.69166046
0.41653386
0.16378422
0.9026369
0.07654902
0.13044737
0.9999989
0.35052976
0.80043113
0.48242843
0.18583329
0.17544833
0.7141577
0.25509784
0.18070735
0.49433526
0.99970007
0.89112717
0.51189506
0.3009586
0.11138066
0.42649516
0.6880081
0.4392225
0.9165735
0.12347083
0.90102243
0.42020673
0.99999994
0.50978494
0.73385864
0.17933702
0.89637375
0.165139
0.104188435
0.4826291
0.006698086
0.17839345
0.331439
0.30445662
0.24282038
0.9999999
0.9999993
0.09062697
0.07112934
0.4885892
0.11930763
0.12400247
0.80079174
0.9200938
0.4123143
0.3163179
0.051796276
0.9000374
0.33900505
0.25977388
0.9916964
0.5035097
0.25463003
0.06547163
0.57662183
0.73945683
0.25552297
0.95052665
0.18919079
0.10044618
0.049654268
0.11680486
0.5604067
0.1013336
0.7997433
0.6992702
0.6511686
1.0
0.12140209
0.88679713
0.7932635
0.1225075
0.72967046
0.10181575
0.2423376
0.20033805
0.4193666
0.71732527
0.024024595
0.0706554
0.9226181
0.6640305
0.1883012
0.036385886
0.10352995
0.76111776
0.7353798
0.13041365
0.49337754
0.12187342
0.11276701
0.7624154
0.41074392
0.81111664
0.40924147
0.16960864
0.6451448
0.99999875
0.99999994
0.3284418
0.9999995
0.41740847
0.72207713
0.25363943
0.32790825
0.5138711
0.9999997
0.74488163
0.89985466
0.44564363
0.40633014
0.8993588
0.03281416
0.9999997
0.059360404
0.4361389
0.9999996
0.42898485
0.12287667
0.37317958
0.9999996
0.18086837
0.33492658
0.04448981
0.43124261
0.09656717
0.9712354
0.11112381
0.12235195
0.635341
0.5002529
0.10145817
0.8842751
0.30918345
0.9353087
0.07233326
0.03872007
0.4867759
0.6440735
0.49776334
0.26119763
0.7330929
0.11600921
0.99999976
0.94713753
0.683679
0.60151774
0.70024633
0.5600741
0.9512017
0.565782
0.26658845
0.9999989
0.1261026
0.9999993
0.12241298
0.5448446
0.12664922
0.9401612
0.99999934
0.5640559
0.16178913
0.9999999
0.7920561
0.72406465
0.99999964
0.19427793
0.29818416
0.8294595
0.98668975
0.074011736
0.7950172
0.80205196
0.37734973
0.62456083
0.5986182
0.9059201
0.18415979
0.81204706
0.95504874
0.2586862
0.4053932
0.48888004
0.9446666
0.39032513
0.7016422
0.13627468
0.27584758
0.9997706
0.13797823
0.64536566
0.9047441
0.33446226
0.2505652
0.5045898
0.16516465
0.8994153
0.9999997
0.19742744
0.43151218
0.99999875
0.29509798
0.6455006
0.16466413
0.11461468
0.5639673
0.99999976
0.75479275
0.8010135
0.4928385
0.4031741
0.30337632
0.8901557
0.75806665
0.06929176
0.99999994
0.04513676
0.50063515
0.20109294
0.5020366
0.18318182
0.071698345
0.40232295
1.0
0.8050759
0.5723488
0.18314269
0.54256165
0.38831002
0.6164093
0.38022488
0.64341193
0.17087145
0.1026332
0.35521543
0.7604632
0.99999934
0.5025425
0.07347977
0.8849669
0.73209643
0.8951751
0.7251819
0.68671954
0.82332826
0.1286931
0.11799298
0.17159015
0.5524342
0.3803671
0.55298835
0.25881332
0.7370844
0.99999934
0.37367177
0.96288836
0.6994626
0.12554084
0.9985913
0.9014917
0.9141914
0.99999875
0.728738
0.1956622
0.03960884
0.79031324
0.059024345
0.11067333
0.45527682
0.17962834
0.25224972
0.043760385
0.8057511
0.331439
0.6045167
0.5038526
0.5021166
0.889811
0.5898221
0.9239072
0.3642298
0.721267
0.5755076
0.046820205
0.25011197
0.9999999
0.25878805
0.06449519
0.7554451
0.38335127
0.8902128
0.7932635
0.1275281
0.33909947
0.34410536
0.68248606
0.24197733
0.9542824
0.06266135
0.06093184
0.1681843
0.9539383
0.14099944
0.99999994
0.26520944
0.80036736
0.735635
0.65186226
0.92812127
0.50281274
0.24975944
0.39953756
0.30026403
0.694722
0.4981682
0.17199259
0.02966396
0.7121271
0.9999994
0.6415798
0.5790742
0.9418616
0.07492688
0.79528177
0.14998786
0.12020333
0.1291423
0.10970044
0.8023093
0.37945452
0.5651421
0.10025522
0.24807215
0.6455629
0.715703
0.9999998
0.49683288
0.35170218
0.12833287
0.06740444
0.3054804
0.17385398
0.4974849
0.11142448
0.060693845
0.80275315
0.72323114
0.39845276
0.4280739
0.91220033
0.39801815
0.6388976
0.9999999
0.42089862
0.48918802
0.27900657
0.6088473
0.79528177
0.34119108
0.56232655
0.99999994
0.07338759
0.77101004
0.31471193
0.6784934
0.69242483
0.99970007
0.6237243
0.61695355
0.058403015
0.15344025
0.65624964
0.51731795
0.7224827
0.9001753
0.40361008
0.25354916
0.63740134
0.5853401
0.9832143
0.57334745
0.69873476
0.73206127
0.420773
0.09716935
0.8989462
0.27239773
0.09899924
0.8906675
0.16934285
0.60273707
0.4883693
0.11846248
0.6837162
0.17991775
0.808034
0.7278667
0.6958692
0.29999563
0.31807718
0.18926625
0.7917999
0.88701016
0.06366224
0.12711099
0.44551942
0.07025526
0.3703874
0.41979554
0.058505747
0.1829231
0.5658354
0.31533852
0.7296406
0.1565323
0.34604457
0.26093626
0.29870677
0.7027035
0.979686
0.17809239
0.14862056
0.36989415
0.50213814
0.18576974
0.5948727
0.6939626
0.40963238
0.10139687
0.1149598
0.80048156
0.032975826
0.9999998
0.124729
0.17059065
0.99966455
0.13998489
0.252117
0.803056
0.80464494
0.10252067
0.11394529
0.39750224
0.12510143
0.9996963
0.19620717
0.99999994
0.15815619
0.12095691
0.47740492
0.19915453
0.9999993
0.12588252
0.18416943
0.72579026
0.8014993
0.99999946
0.13566202
0.15490839
0.4483181
0.4467169
0.11926511
0.087805256
0.7949142
0.031840064
0.17589153
0.59861135
0.9489087
0.91080576
0.42737204
0.3967101
0.9546867
0.99999917
0.95262134
0.07355387
0.11041681
0.43768266
0.89803034
0.88800657
0.9444468
0.6897346
0.3117982
0.048474863
0.058500476
0.19267228
0.7446515
0.6347519
0.098312244
0.9999999
0.8042375
0.5463586
0.4222894
0.93599266
0.9206446
0.97308934
0.7569382
0.536256
0.84388953
0.5040505
0.9002362
0.1348064
0.24550909
0.61812305
0.19528744
0.49554893
0.20112234
0.5982177
0.046862103
0.1299602
0.7932635
0.97208536
0.5060528
0.7344447
0.75870246
0.17870721
0.8987186
0.38337818
0.19884998
0.5948048
0.047429506
0.69011945
0.40529886
0.8131684
0.9999988
0.9999999
0.7335308
0.326013
0.99999994
0.9327526
0.6882856
0.5572244
0.5758771
0.6583079
0.59970355
0.30988425
0.5355272
0.99999875
0.9009338
0.31321898
0.042271152
0.035622265
0.10537276
0.9029638
0.99999994
0.23423004
0.13033037
0.19556065
0.60344136
0.04952988
0.259131
0.92655146
0.6014196
0.6544612
0.6240465
0.099470206
0.037165806
0.4954388
0.314786
0.6889529
0.2704388
0.999999
0.49758148
0.8949513
0.99810594
0.5020474
0.7107874
0.5683442
0.40162408
0.6211636
0.91250783
0.10931674
0.18576626
0.3994085
0.15016921
0.6380666
0.8057511
0.34034485
0.7156891
0.05795974
0.61817974
0.032641176
0.099230304
0.059597813
0.14721574
0.6253854
0.12982258
0.39750507
0.4241917
0.12341519
0.6086984
0.99999994
0.4987263
0.25579304
0.91676074
0.1220338
0.562591
0.99810594
0.9640394
0.025903469
0.7375382
0.7142162
0.24954058
0.9940206
0.57247514
0.10059974
0.5726346
0.7413851
0.7932635
0.60374737
0.56232655
0.7956776
0.12720402
0.1840995
0.98775786
0.50990963
0.17342593
0.72435313
0.6931587
0.37553972
0.9999999
0.9198464
0.11884477
0.9999993
0.81051403
0.89352
0.4977447
0.99999934
0.013798803
0.76445717
0.1739583
0.5164722
0.8039344
0.054683205
0.6174318
0.99999934
0.33151618
0.8876408
0.12405077
0.1006806
0.99966455
0.17764327
0.0151443705
0.8868025
0.34119108
0.19474053
0.81666535
0.6244681
0.47842914
0.97375494
0.8207449
0.05812559
0.71691376
0.78881925
0.17695253
0.7101236
0.1760123
0.1681885
0.93608177
0.25118724
0.999999
0.61546254
0.56232655
0.7229408
0.064807646
0.33909947
0.79528177
0.9152031
0.098125376
0.25538164
0.377862
0.05569583
0.8895636
0.9999996
0.80961126
0.3520123
0.9999998
0.6925432
0.17346433
0.32580572
0.70846
0.30253386
0.37748408
0.5690838
0.739975
0.99999964
0.9607246
0.8394368
0.16689897
0.29495218
0.8019938
0.03508136
0.9604484
0.11081761
0.046838276
0.49563736
0.81111664
0.047320105
0.04661847
0.06645278
0.49191815
0.69771856
0.09928739
0.18434164
0.12571181
0.25397593
0.1834546
0.37379488
0.99810594
0.77941024
0.51217157
0.29046515
0.7213156
0.7699383
0.6248791
0.40500763
0.7008729
0.9999998
0.99999934
0.0021554357
0.17602485
0.8129446
0.8020929
0.35377878
0.69561803
0.4222797
0.4009701
0.9003517
0.29878777
0.20273593
0.94262534
0.99999994
0.9999994
0.73571444
0.29806846
0.32009113
0.74297786
0.07687578
0.4999235
0.12440582
0.9999992
0.19709413
0.12053843
0.84245235
0.9010217
0.24713509
0.17503843
0.99999994
0.7212271
0.7932635
0.9015097
0.8057511
0.8952411
0.96513
0.6001114
0.040951557
0.99999905
0.3838708
0.37889135
0.3391705
0.063133456
0.9999991
0.55910635
0.18929133
0.30559966
0.041355032
0.45862797
0.80544794
0.99999964
0.14895779
0.59347415
0.08948148
0.059656672
0.30124035
0.91158986
0.17400703
0.057391413
0.8010793
0.07438222
0.15390305
0.8007181
0.3902755
0.7642008
0.15697898
0.20188941
0.16054271
0.9953369
0.7338402
0.9999998
0.2972236
0.99999976
0.10959967
0.26145667
0.99587166
0.7426317
0.12724902
0.43009806
0.19342019
0.42263913
0.048563488
1.0
0.9246
0.47177202
0.25632077
0.49411577
0.78548014
0.29953262
0.5850604
0.9068958
0.7070991
0.8882615
0.7266768
0.703741
0.29907334
0.11489948
0.13021478
0.24682747
0.97977626
0.9175891
0.054498136
0.20204923
0.8042375
0.13925734
0.7087831
0.29908925
0.16554825
0.9999997
0.39865655
0.5723393
0.18576424
0.9435215
0.69803756
0.31503564
0.0477058
0.1757032
0.23805076
0.24896207
0.747498
0.37214628
0.56232655
0.8983107
0.12495476
0.07147268
0.3132133
0.10122019
0.24598753
0.94831043
0.32786235
0.9063867
0.89991045
0.2030492
0.6321994
0.40098944
0.1495352
0.20741986
0.91844296
0.5640559
0.8042375
0.56358147
0.95563453
0.11983914
0.11406491
0.11882752
0.33295405
0.34119108
0.9762598
0.8057511
0.3427816
0.9999997
0.90529907
0.6876491
0.44314447
0.9722244
0.9153266
0.04274296
0.044890147
0.6836982
0.18131113
0.93222594
0.64918476
0.9999999
0.472625
0.88879913
0.99999934
0.10990393
0.50228804
0.89012897
0.8870892
0.32814357
0.49946645
0.9999995
0.14679056
0.64684004
0.6266731
0.25303352
0.5750606
0.5491498
0.10959444
0.6506409
0.107123315
0.99999994
0.040666856
0.9194373
0.999999
0.9393427
0.9999991
0.9341089
0.29113156
0.48626465
0.043005884
0.096868046
0.9999998
0.64918816
0.34546137
0.9640904
0.12808801
0.07033708
0.25818834
0.7222146
0.055581696
0.5025598
0.29409912
0.62808704
0.99999887
0.3375391
0.4905827
0.24967425
0.90465623
0.04749494
0.884426
0.331439
0.72625566
0.93739474
0.4010715
0.3028242
0.99999976
0.88558227
0.8045175
0.16273369
0.5690838
0.113396704
0.10405715
0.12551689
0.40720084
0.12420045
0.054808006
0.50115687
0.71573883
0.6827304
0.7073632
0.11031873
0.32790825
0.6007727
0.4153185
0.07058812
0.9277189
0.79528177
0.7647351
0.10614798
0.07499279
0.29793775
1.0
0.13378525
0.81111664
0.09875869
0.79416883
0.4930929
0.05902756
0.043827344
0.3772153
0.17837292
0.051862326
0.05260031
1.0
0.39245382
0.42504603
0.8236921
0.16654874
0.33670235
0.10317471
0.79992783
0.9326134
0.17441717
0.30041367
0.91467994
0.37265164
0.06882006
0.7424941
0.1752237
0.90517473
0.12551399
0.0374508
0.60272956
0.39014843
0.123830356
0.27108568
0.47399947
0.15508726
0.4107233
0.40184328
0.69568896
0.9037007
0.29893962
0.80114657
0.47081926
0.9999993
0.103376485
0.9007669
0.02363026
0.23994781
0.70672196
0.7952551
0.6962578
0.89222026
0.78513616
0.69927424
0.15787134
0.7316139
0.3778284
0.045993846
0.7049178
0.28549504
0.41904506
0.20190807
0.5988564
0.76163965
0.9682752
0.26478454
0.32775825
0.096613266
0.99999994
0.121274024
0.5924317
0.49440715
0.90057695
0.5007363
0.35376218
1.0
0.6204419
0.8042375
0.30605352
0.5640559
0.9999996
0.8082332
0.49588388
0.40432516
0.4139507
0.5047929
0.33909947
0.9088273
0.5986317
0.12865394
0.95306456
0.49150705
0.59602815
0.69308287
0.99999976
0.66686434
0.1273232
0.90366244
0.36833456
0.09848848
0.030185206
0.7360441
0.5774826
0.49974185
0.16610849
0.99999875
0.16438895
0.9999993
0.15733323
0.5587196
0.74257994
0.0651499
0.8006283
0.3840469
0.17654812
0.04019652
0.4917688
0.80827445
0.2484128
0.7503494
0.9999996
0.99999887
0.92166084
0.82579255
0.5735738
0.49881607
0.0386906
0.14216354
0.33184433
0.0661706
0.25690272
0.70535046
0.60007226
0.30932727
0.47515061
0.40774924
0.9174558
0.40499222
0.05417126
0.36170703
0.49359015
0.25606838
0.9078984
0.32721612
0.89858466
0.2513437
0.742259
0.19107272
0.7042572
0.71108085
0.802948
0.8864346
0.94789344
0.17224029
0.48325545
0.4010131
0.33153218
0.69853455
0.032224942
0.17538989
0.060098384
0.62652934
0.9310709
0.12099046
0.29344594
0.17682599
0.50284445
0.49599236
0.4588053
0.118035756
0.5924022
0.5837429
0.55939525
0.90216
0.9999994
0.3351847
0.4362673
0.9393978
0.118124634
0.45702818
0.5980583
0.15666969
0.6431736
0.69567543
0.09965106
0.39353997
0.39897013
0.05318765
0.040976223
0.999999
0.73091644
0.577111
0.9133
0.9215727
0.05342565
0.58965766
0.37568218
0.38320982
0.052924506
0.676361
0.37920573
0.8060709
0.8874423
0.29710302
0.7528631
0.49536335
0.69044805
0.99587166
0.7059215
0.5037665
0.30761823
0.060533997
0.0644984
0.5640559
0.81896263
0.5477897
0.885331
0.3365069
0.17340088
0.9999998
0.331439
0.41150466
0.662307
0.2561957
0.043423146
0.235634
0.94899344
0.25792757
0.79982775
0.44714496
0.94282216
0.57195234
0.39856124
0.6342931
0.999999
0.5482532
0.80688727
0.16688961
0.79666334
0.802925
0.99999887
0.99999994
0.57274777
0.51997495
0.79764104
0.18818527
0.110875145
0.50073963
0.9953369
0.30017427
0.16935155
0.5440845
0.11650579
0.12679231
0.49844226
0.20065984
0.05231438
0.17688337
0.031636767
0.9999995
0.18233392
0.9017249
0.19919151
0.44223616
0.9060716
0.99999976
0.041966524
0.8995077
0.19483891
0.24878469
0.9999998
0.74510336
0.514031
0.8039768
0.331439
0.9999994
0.100520186
0.42980874
0.048920877
0.3015952
0.07647115
0.15087317
0.12471992
0.165694
0.96223205
0.18237321
0.8287964
0.90755814
0.6377057
0.5759636
0.42605942
0.5774684
0.25594732
0.19120221
0.6959743
0.8874834
0.19710931
0.3249424
0.56308895
0.47928718
0.8940601
0.7240423
0.14432822
0.5142229
0.50096077
0.99999994
0.59492177
0.9999999
0.99966455
0.90069723
0.7669709
0.9226118
0.5690838
0.8990257
0.06278967
0.5913544
0.90677565
0.30013213
0.4402264
0.8965598
0.89638746
0.9997706
0.07669519
0.6174612
0.89191383
0.89202887
0.2541738
0.73104614
0.40697122
0.11865082
0.6206023
0.12321831
0.33438393
0.06497318
0.18252969
0.49619648
0.16003133
0.10073843
0.05676813
0.19733045
0.5005191
0.058156982
0.5552706
0.16133209
0.062320262
0.34388083
0.43026862
0.10933406
0.07171027
0.5664227
0.30165216
0.4152498
0.20056163
0.10506732
0.48967707
0.12144517
0.025074134
0.122079834
0.57118154
0.42195702
0.29682186
0.69759494
0.7932635
0.09858464
0.8865585
0.9996963
0.60305434
0.92781794
0.1054696
0.124395974
0.11315048
0.1199615
0.99999905
0.55782837
0.9614582
0.8966044
0.4885659
0.1483633
0.124450386
0.12264563
0.066211484
0.16961154
0.37249473
0.6980075
0.10082858
0.5478298
0.54686326
0.30375218
0.9128525
0.12868674
0.11795763
0.10197395
0.97046334
0.04532669
0.15274426
0.7707247
0.74535525
0.056011662
0.41818175
0.1802082
0.10132201
0.16348341
0.92666173
0.09262923
0.57221884
0.36761054
0.062641755
0.9002974
0.6540477
0.1214875
0.312254
0.6138163
0.26016784
0.8982143
0.51062274
0.9999999
0.034379385
0.06508504
0.59969914
0.41740873
0.99999964
0.43873623
0.49714792
0.20026094
0.30008945
0.19900686
0.77252614
0.19754583
0.99999934
0.851671
0.8012753
0.1841739
0.700767
0.3740825
0.54474264
0.5551088
0.5749038
0.067943215
0.07364674
0.97594917
0.4974915
0.5002702
0.7140042
0.2646379
0.12930569
0.07224276
0.99999875
0.8887896
0.18228741
0.8134596
0.11780385
0.33553728
0.9672913
0.12826349
0.39880398
0.43015167
0.9999992
0.12253574
0.13987912
0.11761341
0.7412243
0.05295412
0.12267864
0.6653774
0.31182855
0.26994666
0.9985913
0.026180023
0.30113
0.32075974
0.27858642
0.9384921
0.7170257
0.58022326
0.85503685
0.10809324
0.5080676
0.9708363
0.23216103
0.9999995
0.18186331
0.123046555
0.17727505
0.56972146
0.64974767
0.24796294
0.9995324
0.29978618
0.50785786
0.19987434
0.8042375
0.1634569
0.06323005
0.6572186
0.5003703
0.10906133
0.17946781
0.8057511
0.321736
0.18365955
0.4661926
0.7025782
0.25689057
0.64014435
0.1267037
0.9430833
0.72775394
0.3075412
0.9997706
0.14985135
0.5728287
0.23314619
0.06513521
0.5645967
0.48713264
0.79484344
0.05408675
0.1305836
0.117946304
0.9097627
0.72177863
0.33909947
0.99999994
0.11252494
0.9011422
0.27080557
0.052312803
0.19169982
0.122779645
0.12098557
0.7725963
0.20011218
0.25419098
0.64668
0.031967293
0.19037545
0.20516859
0.192357
0.90243423
0.12396714
0.17694488
0.1698761
0.069612436
0.16834952
0.40841275
0.02517155
0.10940623
0.4929138
0.70164263
0.040532537
0.12922971
0.9985913
0.12845506
0.13021925
0.40223375
0.33200768
0.7165068
0.12922363
0.13003753
0.57445216
0.43101722
0.09885488
0.9999999
0.55739
0.49894026
0.06438149
0.25020137
0.16520831
0.19389619
0.24808456
0.7374052
0.18157582
0.6913086
0.9482695
0.13955234
0.0595205
0.90010357
0.5558538
0.5013359
0.17129515
0.71521455
0.7482959
0.060139406
0.32790825
0.95463127
0.46755052
0.9999996
0.99966455
0.48690376
0.10143267
0.19526179
0.60479885
0.058892295
0.9999992
0.19564825
0.57221884
0.86092263
0.12786105
0.5422447
0.11712626
0.99999994
0.19742163
0.8915754
0.99999994
0.42535177
0.11256432
0.80003864
0.6871262
0.75029373
0.5577275
0.9999997
0.61442935
0.903292
0.99999887
0.037796136
0.098393224
0.99999934
0.89812744
0.16233963
0.6279715
0.7980445
0.7004358
0.49821806
0.23282398
0.12921537
0.15969382
0.7903343
0.0989321
0.9999996
0.68676955
0.6989448
0.15249574
0.040232304
0.27274886
0.7467912
0.39616534
0.3103433
0.06848006
0.63531697
0.2521188
0.5861769
0.064602256
0.06574091
0.4145167
0.80856186
0.99999887
0.7027954
0.6828142
0.19978459
0.5410889
0.1348662
0.71549517
0.9953369
0.07235554
0.37191588
0.73650753
0.9026096
0.5036445
0.3754239
0.25143936
0.6887253
0.15221511
0.8996249
0.9999998
0.116112255
0.11137221
1.0
0.12024944
0.17760427
0.062470842
0.3990182
0.5012403
0.023870114
0.93714005
0.06848764
0.56232655
0.2983224
0.124331966
0.25044695
0.8904065
0.29232126
0.16452874
0.10439091
0.25395712
0.726687
0.15061432
0.599392
0.6012079
0.37708694
0.61648875
0.7792422
0.9999999
0.6181781
0.6858895
0.90809965
0.3165959
0.66354495
0.99999964
0.8101784
0.37392557
0.69973457
0.26346874
0.12733787
0.906206
0.9999995
1.0
0.12036427
0.31699786
0.19261073
0.33909947
0.25067878
0.6520282
0.06493532
0.19897257
0.046912562
0.9985913
0.99999946
0.06080222
0.025557851
0.59979165
0.37033543
0.43142018
0.16836835
0.93037605
0.63716227
0.9640828
0.7944886
0.17580909
0.56917065
0.7986878
0.3238472
0.16833547
0.31744272
0.6833477
0.72686803
0.7939156
0.99966455
0.87696755
0.052703124
0.1755874
0.57786375
0.6059559
0.038705893
0.68524253
0.30121946
0.033413537
0.7350649
0.9328378
0.06040218
0.14714545
0.4292648
0.56676114
0.07380672
0.4854134
0.5594343
0.05386306
0.6501606
0.53445065
0.12672882
0.046608455
0.9999995
0.18308276
0.3573824
0.99999994
0.7150186
0.5951544
0.49925122
0.6536789
0.45285073
0.44146103
0.9011642
0.4016826
0.88524497
0.33613518
0.13196956
0.5087154
0.37477446
0.99999976
0.0985619
0.3187366
0.89362854
0.38634232
0.19795428
0.12162854
0.9999997
0.11073635
0.1109972
0.70050365
0.39238527
0.68344015
0.32189763
0.099653445
0.032595288
0.17676689
0.9009418
0.1293845
0.32623744
0.12841383
0.38372785
0.9999999
0.7562819
0.9999999
0.025271114
0.24808653
0.9583695
0.7168204
0.69634235
0.7002482
0.7028547
0.09933446
0.075861536
0.17004217
0.9999994
0.6145126
0.8011778
0.19529761
0.12228722
0.12762444
0.09993959
0.43630788
0.07578537
0.09992082
0.77483416
0.20189703
0.41767374
0.50179577
0.8085992
0.17298906
0.03636473
0.71244615
0.5690838
0.4137004
0.15612534
0.1564786
0.24594915
0.9999994
0.65724754
0.48123735
0.25485894
0.80665267
0.61316943
0.039331526
0.5738299
0.72848874
0.48547766
0.066004306
0.029176082
0.1509127
0.99999917
0.12052206
0.7222947
0.99966455
0.4040753
0.74657166
0.49971047
0.19073011
0.20010266
0.8950231
0.2534738
0.11576777
0.065678544
0.60123605
0.39827415
0.94444853
0.19379309
0.37784073
0.13066372
0.066274025
0.5020784
0.14345703
0.39428964
0.5101007
0.99999994
0.20098573
0.81195277
0.4784554
0.7341102
0.5640279
0.89659846
0.6913698
0.07088159
0.62868077
0.49495137
0.4148788
0.061682977
0.7983761
0.12781106
0.331439
0.99999934
0.8990715
0.48969218
0.63204855
0.61162436
0.3043247
0.99810594
0.5635098
0.1166946
0.49612057
0.4124621
0.99999964
0.1981825
0.26833308
0.9086902
0.19871362
0.65643156
0.4795779
0.2007886
0.7532206
0.5934899
0.39476243
0.19771878
0.481222
0.89698076
0.125762
0.12351997
0.26445374
0.17339346
0.95115775
0.124224335
0.93654
0.550849
0.049286444
0.19054092
0.18104735
0.8923464
0.99966455
0.29912186
0.04929547
0.49344802
0.9995324
0.37278858
0.17946164
0.741506
0.43324974
0.25877833
0.99999994
0.29414758
0.05211448
0.49469268
0.5775414
0.09905948
0.09576612
0.0761727
0.070953056
0.99999964
0.06780502
0.32790825
0.043616865
0.062007595
0.9999995
0.99999917
0.643866
0.14955236
0.79826075
0.59604913
0.9084203
0.8042375
0.1836356
0.8120937
0.48363706
0.39669278
0.1655523
0.4955288
0.9145654
0.32230845
0.2601277
1.0
0.4268522
0.5975256
0.9039562
0.48792303
0.1067666
0.3865209
0.12324203
0.40032113
0.099360354
0.3804498
0.5899738
0.12124452
0.050839625
0.107969865
0.19583182
0.68636817
0.88572717
0.8002462
0.92994434
1.0
0.6963607
0.8015762
0.1989969
0.73245436
0.040916435
0.7045518
0.09994103
0.99999964
0.049522415
0.5640559
0.062516816
0.8907408
0.3708605
0.12170958
0.57221884
0.9999997
0.57247514
0.5001216
0.17446047
0.89860284
0.4033434
0.78530073
0.9999994
0.19989708
0.99999994
0.48612726
0.48136288
0.9206304
0.79908067
0.19579642
0.08608126
0.42673758
0.32103747
0.8097026
0.26473686
0.4964545
0.19297059
0.6856635
0.95814264
0.49348772
0.9999994
0.59526086
0.116882935
0.12816505
0.57247514
0.3366836
0.39906865
0.11248838
0.11892762
0.1217859
0.045522764
0.047219966
0.27756387
0.99999994
0.68695885
0.12552926
0.37498832
0.99999887
0.80053246
0.45792377
0.90765786
0.8993261
0.24679388
0.9999991
0.99999905
0.65431374
0.25736165
0.4340405
0.3727758
0.9999996
0.25670534
0.5018899
0.99999994
0.5894598
0.5593066
0.038878266
0.09066093
0.72495276
0.11720361
0.5597879
0.6557017
0.3001517
0.29253703
0.4003255
0.99334717
0.051581357
0.4745722
0.25759226
0.11739569
0.12920566
0.94639945
0.13326457
0.50343573
0.10974255
0.9997706
0.042261023
0.12975131
0.8935166
0.10573327
0.16347834
0.17646262
0.114704154
0.66746324
0.5870791
0.25272956
0.73775864
0.9999999
0.99999976
0.26706913
0.37170237
0.7932635
0.80571955
0.7920121
0.82432044
0.0974804
0.9448069
0.18874064
0.1934704
0.019599138
0.8930912
0.099950865
0.8350429
0.99999917
0.69214547
0.72088975
0.32983202
0.7979258
0.7974129
0.7973587
0.9038514
0.99999934
0.16283529
0.25288492
0.15209332
0.4938929
0.04554092
0.020987783
0.49729106
0.11748082
0.78358996
0.57638854
0.796227
0.06672979
0.69072944
0.9985913
0.17395529
0.6838666
0.629768
0.24298555
0.7245836
0.25212532
0.25114262
0.331439
0.9740429
0.1947102
0.42852882
0.1592653
0.29715723
0.4328996
0.5446841
0.8940036
0.49906045
0.7208888
0.41443542
0.17340973
0.41516647
0.05074678
0.7004362
0.4116226
0.30984116
0.0672042
0.34929964
0.99355894
0.15666327
0.99999946
0.49073318
0.14006771
0.027174618
0.60290784
0.16548078
0.80764925
0.72037685
0.58555454
0.12416226
0.06185454
0.47835532
0.26626343
0.17063995
0.69795436
0.102172896
0.04066112
0.19332409
0.49268997
0.09702593
0.50371605
0.25067896
0.64041156
0.8533907
0.8993541
0.15089475
0.8017538
0.39744723
0.30724725
0.20210032
0.0672657
0.8127574
0.43637645
0.54785013
0.1942173
0.91000694
0.13049322
0.18605186
0.65595055
0.17294891
0.52362716
0.70130515
0.041653875
0.09887127
0.42094207
0.25656775
0.6072126
0.6037059
0.15245008
0.500445
0.024457902
0.09856362
0.5689271
0.19711968
0.6104992
1.0
0.99999964
0.72251785
0.38082743
0.37607464
0.13895527
0.572931
0.0540954
0.12169699
0.73972785
0.20010814
0.16474669
0.16833875
0.73286
0.6983424
0.18718435
0.94110906
0.10348562
0.19343188
0.1860252
0.90749866
0.1242093
0.99999934
0.8988843
0.043613374
0.1363364
0.17546798
0.058024514
0.1841296
0.440608
0.5866726
0.1577889
0.89908105
0.9999999
0.40640807
0.9999999
0.7785989
0.32883188
0.51021045
0.51695013
0.4664818
0.056285206
0.25686654
0.11006417
0.9999996
0.07324791
0.5590707
0.81770384
0.71079063
0.10457813
0.9795332
0.66307986
0.5616582
0.07630692
0.7320685
0.99999994
0.050843365
0.819885
0.112345904
0.7808554
0.90912646
0.75104636
0.29963037
0.9999993
0.027731836
0.024488525
0.780826
0.99999994
0.99999964
0.79898924
0.7314051
0.39100653
0.17789458
0.49082878
0.7491088
0.99999964
0.80902225
0.57437074
0.9999993
0.114754185
0.9999997
0.47826675
0.56182384
0.119406804
0.7166163
0.9150241
0.17183524
0.56476724
0.9026084
0.65045357
0.066954106
0.9830333
0.3969862
0.7184298
0.041719038
0.6158837
0.99970007
0.65063876
0.49650437
0.18166319
0.12248397
0.99999946
0.5000746
0.32259798
0.42736623
0.72539943
0.8947395
0.26590738
0.1533998
0.09928576
0.2574764
0.5654613
0.7012193
0.8880925
0.17625041
0.7773663
0.3802603
0.30005738
0.5132776
0.7013058
0.99999887
0.2991344
0.33613518
0.41633102
0.4339155
0.1376517
0.06528087
0.8457052
0.69925714
0.44331792
0.2644628
0.51832414
0.1827168
0.90220726
0.7110045
0.7260102
0.1323735
0.5978233
0.19978103
0.9024836
0.6479427
0.03438912
0.12409634
0.112905934
0.7084609
0.05202938
0.9999999
0.123835705
0.15781678
0.29577285
0.07261818
0.91749465
0.9999993
0.9999996
0.72684026
0.70955664
0.7294902
0.57025844
0.9999999
0.16050951
0.57532674
0.77561015
0.7436445
0.82435536
0.9999996
0.25419316
0.13565393
0.68873984
0.90479565
0.306353
0.9953369
0.99587166
0.41611278
0.18184406
0.91470236
0.7247716
0.44263923
0.1928444
0.7284319
0.79528177
0.4004319
0.49896246
0.13263364
0.7305248
0.05945006
0.4423439
0.5726274
0.50172794
0.80743676
0.33318067
0.7488028
0.06378036
0.99999994
0.7988977
0.5906739
0.12744871
0.72362727
0.39901558
0.49592522
0.9575669
0.90562415
0.10926647
0.6933379
0.10854855
0.44223413
0.7007931
0.8952181
0.11902985
0.07546616
0.23976822
0.23927535
0.5438894
0.071731605
0.99999976
0.4027221
0.076837994
0.7515666
0.11296606
0.17620367
0.4207347
0.058822192
0.26813668
0.055053324
0.9999998
0.099834494
0.60936755
0.7482423
0.8101605
0.15936245
0.049895104
0.7998414
0.8020818
0.4946978
0.07096012
0.43319553
0.7829446
0.45575446
0.70954233
0.16000226
0.10177657
0.19556506
0.7145331
0.694069
0.23503268
0.33828542
0.82606965
0.723045
0.99999946
0.051486205
0.9996963
0.3992889
0.19822097
0.32790825
0.3337789
0.99999946
0.59608614
0.1226724
0.9999999
0.91904724
0.4217583
0.45061547
0.80471176
0.057998467
0.15520409
0.04659284
0.8042375
0.109058514
0.4345019
0.6973776
0.19954427
0.044093367
0.11069626
0.74275994
0.6186696
0.43993947
0.49753228
0.038898837
0.5690838
0.20463204
0.04034787
0.90595806
0.88748205
0.7753835
0.15699562
0.81111664
0.8062438
0.18763569
0.999999
0.9999995
0.89928186
0.9318917
0.054721788
0.99524134
0.6946583
0.5825875
0.620155
0.4791869
0.9953369
0.17766425
0.05131821
0.7003384
0.17338198
0.56232655
0.16653627
0.16157441
0.18358496
0.9700638
0.11817934
0.59758866
0.123122506
0.72355425
0.9575967
0.8029851
0.80577326
0.329213
0.9694681
0.10928226
0.7080878
0.9230668
0.5716593
0.33613518
0.12481419
0.9317989
0.57994676
0.113430105
0.51283044
0.6583915
0.56157833
0.122867495
0.056636702
0.558503
0.40446603
0.7998339
0.6028879
0.16867037
0.79757094
0.12134157
0.41205043
0.040895496
0.6880214
0.9995324
0.9233826
0.65490866
0.1994875
0.09341397
0.60746807
0.56232655
0.6375769
0.8976419
0.12947331
0.32096308
0.096835084
0.49598083
0.7210891
0.04010602
0.0720508
0.49115416
0.7791261
0.117244065
0.1168304
0.07604921
0.06583257
0.9999999
0.09918068
0.12934129
0.80911696
0.53607136
0.16652976
0.3746853
0.3066312
0.9995324
0.70830464
0.64553744
0.7127076
0.48770824
0.9999998
0.11971217
0.25382757
0.16426112
0.6120563
0.30603942
0.41876447
0.32669342
0.29937482
0.80178994
0.13328695
0.8003741
0.50568265
0.9133557
0.19653308
0.17819096
0.48122633
0.68472064
0.13517211
0.3177358
0.04520592
0.63764536
0.117193334
0.30427694
0.62259185
0.89564836
0.043319758
0.1291823
0.70143473
0.12783411
0.060331892
0.18088308
0.28779024
0.9999999
0.1819144
0.84155804
0.33909947
0.16912751
0.119682096
0.14079891
0.42015615
0.4338183
0.9032232
0.052723076
0.9288346
0.11962458
0.9999997
0.9999999
0.7337421
0.73041236
0.49908248
0.047803324
0.9815828
0.89270663
0.0427308
0.20418659
0.48085237
0.2954441
0.6398007
0.04255976
0.14320013
0.99999934
0.4204829
0.3075664
0.41475415
0.57531995
0.9307076
0.4146865
0.026528738
0.24356078
0.12262936
0.42313984
0.113259934
0.79897714
0.33613518
0.97305137
0.56700146
0.25377658
0.1662745
0.1285194
0.73032653
1.0
0.88550466
0.16299635
0.80136514
0.9001168
0.15297483
0.99970007
0.15895407
0.6870504
0.42145604
0.7928012
0.06592072
0.78925365
0.78754824
0.06309958
0.32568404
0.4942617
0.81111664
0.49519926
0.24806242
0.19358972
0.13273843
0.19857194
0.1688985
0.12011691
0.707603
0.114419
0.626644
0.93098605
0.50608957
0.79863465
0.99999964
0.58212453
0.06612132
0.058609575
0.12949002
0.76971817
0.92645967
0.13545488
0.88719827
0.8843774
0.331439
0.8111084
0.86750466
0.18209545
0.15740502
0.060058814
0.70160836
0.99999994
0.2614724
0.55242425
0.50432885
0.37460762
0.81489885
0.65736735
0.9189515
0.31813973
0.90543085
0.3964035
0.029013317
0.1662065
0.19030774
0.05847385
0.119371705
0.48816305
0.8099035
0.9073851
0.8122036
0.12786257
0.35835198
0.8898877
0.30101037
0.0760926
0.11186483
0.93339926
0.066143796
0.90536463
0.30677572
0.1482313
0.99999887
0.32072073
0.7343958
0.11165663
0.11647586
0.1137644
0.6875085
0.9999994
0.50253606
0.38016614
0.49825454
0.9999994
0.17730556
0.43035832
0.6023415
0.43271953
0.18004967
0.023163756
0.16995342
0.25070474
0.70086145
0.052876074
0.5005334
0.9999999
0.91840523
0.9999996
0.31342065
0.544809
0.049463127
0.9002024
0.3996354
0.8960761
0.124118246
0.49776345
0.05710108
0.5170022
0.31042576
0.1930963
0.14131035
0.6207974
0.40284294
0.12641965
0.56003463
0.18073352
0.1265168
0.9999996
0.23897678
0.41248864
0.8042375
0.99999875
0.73231715
0.68977714
0.7036036
0.79758334
0.1151106
0.8051992
0.18936059
0.12763762
0.04486728
0.42051697
0.66285366
0.8897613
0.56364346
0.92490125
0.8009335
0.8007423
0.49223587
0.2426585
0.12518014
0.8723524
0.30040732
0.8057511
0.31582117
0.03791591
0.69162196
0.10071071
0.4919251
0.6978774
0.91766554
0.70449877
0.18125284
0.30982876
0.51542413
0.19587079
0.10243305
0.9985913
1.0
0.9953369
0.64592487
0.56956893
0.69657195
0.48572916
0.59613085
0.050621733
0.08601712
0.12189553
0.30303988
0.99999994
0.43624452
0.9999999
0.11712096
0.71964514
0.92115426
0.90686953
0.2598345
0.91101265
0.15452822
0.27206293
0.04886875
0.40023166
0.95412755
0.8871696
0.99970007
0.75277436
0.88757837
0.25670293
0.07194603
0.59866625
0.8114399
0.88676363
0.57221884
0.99999887
0.99999917
0.8032089
0.9347342
0.20314339
0.9753261
0.9999995
0.99999976
0.7661486
0.30893216
0.99587166
0.100506894
0.19220348
0.25425777
0.7351439
0.0149514945
0.11826433
0.60639155
0.5690838
0.14476228
0.498172
0.12784444
0.57221884
0.42264402
0.43388212
0.41437188
0.63890845
0.24790217
0.19253303
0.8049611
0.71731925
0.89928573
0.99999994
0.1229049
0.20149139
0.9027873
0.59536076
0.12887403
0.17431346
0.052177627
0.71345586
0.9953369
0.80618256
0.8862242
0.5015198
0.06153671
0.9007879
0.2032196
0.52277607
0.19597358
0.919482
0.57247514
0.17790084
0.3683654
0.16722873
0.4900864
0.9483561
0.15790398
0.43676695
0.90182483
0.90177757
0.4402591
0.886465
0.99999946
0.6152242
0.48910555
0.119796336
0.53417087
0.69849527
0.12132224
0.12336169
0.9999999
0.49770075
0.6568613
0.65820605
0.59937716
0.045862
0.06058684
0.99999905
0.3404154
0.1346994
0.42162782
0.6978405
0.11772739
0.493445
0.99999994
0.25528058
0.032417983
0.6901231
0.8013958
0.7945899
0.92923146
0.7827063
0.99810594
0.7990285
0.26704484
0.99810594
0.99999994
0.8742789
0.9999995
0.71723217
0.32058415
0.13319738
0.8980977
0.88512075
0.40811107
0.90407896
0.24021178
0.26038945
0.8042375
0.6885211
0.12733422
0.3381506
0.70683014
0.24446964
0.93199897
0.40293717
0.2005106
0.067758225
0.80690885
0.63877183
0.43160746
0.35020015
0.25664476
0.8073909
0.04292619
0.1127933
0.49456626
0.5063152
0.57221884
0.3988132
0.9085488
0.7150195
0.56232655
0.9999996
0.057205703
0.09681167
0.17658521
1.0
0.07153527
0.099710114
0.5542272
0.59353644
0.81111664
0.33946377
0.124652825
0.15466182
0.81111664
0.12892625
0.33936992
0.12486622
0.9075354
0.9999989
0.8162422
0.99970007
0.50462186
0.9195292
0.62279797
0.7346359
0.99999994
0.3208541
0.1666932
0.42128626
0.16498722
0.06693688
0.69773585
0.331439
0.34723526
0.3715957
0.77360296
0.3977522
0.7104598
0.7020372
0.9640281
0.70520777
0.9057592
0.4498912
0.55179465
0.99999994
0.55467075
0.39984685
0.81111664
0.89824784
0.7383104
0.1467951
0.4839384
0.02991632
0.41177407
0.15110268
0.40137827
0.05454158
0.30116466
0.9999994
0.30184662
0.37897167
0.39139333
0.11024285
0.8625255
0.8976362
0.45285082
0.37689382
0.33909947
0.61928624
0.16265526
0.9999991
0.7625027
0.08865454
0.67318636
0.37066084
0.46527568
0.059271228
0.035715204
0.030512387
0.89343673
0.09999146
0.041910607
0.71279705
0.9999995
0.79995763
0.7444043
0.36611256
0.6551512
0.20331077
0.9509603
0.49794975
0.19586156
0.99999994
0.019388752
0.5027469
0.25857368
0.25928634
0.69885117
0.893672
0.11999491
0.75386894
0.8057511
0.70069665
0.9997706
0.6583628
0.4882924
0.049995326
0.37046543
0.7878073
0.75817543
0.6314004
0.6171934
0.56258625
0.1964496
0.099763386
0.7038427
0.8971614
0.74419075
0.9985913
0.10165205
0.044403363
0.42793703
0.10964231
0.9999998
0.20031257
0.748789
0.371757
0.034663387
0.41969568
0.04897225
0.105453394
0.9999998
0.18220457
0.39331567
0.5745258
0.8926068
0.81078994
0.2498407
0.5052965
0.99999887
0.2024836
0.70069945
0.05305231
0.7254604
0.9999997
0.14001364
0.8039368
0.92214864
0.14895792
0.62771136
0.5652068
0.90858537
0.4705194
0.9398908
0.6992714
0.39496088
0.38148245
0.9999998
0.123186655
0.03247446
0.5732989
0.92282575
0.45937085
0.59848785
0.29925576
0.8960091
0.05329803
0.16988821
0.33484337
0.9311429
0.10725518
0.39769113
0.48244694
0.18287049
0.09651828
0.72611684
0.2988295
0.19897102
0.9999998
0.25661817
0.9397622
0.579369
0.50049895
0.8061557
0.0668506
0.29742664
0.24213178
0.12926495
0.30659235
0.102439485
0.99999994
0.1436485
0.99999976
0.40899557
0.73595667
0.99999964
0.43127534
0.75106925
0.89688903
0.6142849
0.43835634
0.17887923
0.99999887
0.17329456
0.18901123
0.331439
0.15968075
0.6959552
0.18141383
0.16945446
0.9997706
0.12403049
0.33303335
0.7511208
0.19931187
0.6185044
0.35196203
0.9999989
0.058776833
0.09984628
0.33876285
0.09838999
0.33645302
0.57871807
0.28529552
0.3312493
0.4948757
0.6895132
0.91342
0.61228603
0.605683
0.99999946
0.61019737
0.72852504
0.25559416
0.12748843
0.36455384
0.11712538
0.9999999
0.12104684
0.19769993
0.89924645
0.06709181
0.99999917
0.20257595
0.046253532
0.24362646
0.8054566
0.84133136
0.413954
0.56857663
0.9953369
0.26274717
0.19867621
0.6356993
0.8053513
0.80261564
0.73026097
0.99999994
0.4138121
0.8058598
0.15756741
0.90218836
0.42846254
0.7310885
0.1745048
0.8004004
0.16788203
0.9999998
0.25705382
0.33683085
0.11772761
0.1166117
0.36547744
0.14847842
0.392807
0.33610967
0.09724547
0.70127165
0.03449905
0.12229947
0.07675356
0.09745545
0.6309606
0.09733002
0.19894552
0.19689648
0.14688769
0.3264291
0.59006995
0.8050031
0.6410693
0.029552838
0.33031386
0.8141559
0.04452448
0.79460555
0.637853
0.20245755
0.90035117
0.6152765
0.33613518
0.71961516
0.114473164
0.1824755
0.9001841
0.898548
0.39885128
0.122233845
0.907138
0.7432395
0.71350306
0.99966455
0.81111664
0.8924462
0.49706578
0.9035737
0.7260664
0.9087746
0.17322356
0.70010746
0.9858656
0.10882677
0.402322
0.8098866
0.99999875
0.74773246
0.1095889
0.104842514
0.9999993
0.99999994
0.64463603
0.14211911
0.16194846
0.8946842
0.55888176
0.5956162
0.15353273
0.93599886
0.49621594
0.9953369
0.80856276
0.19375637
0.17715177
0.12667906
0.99587166
0.099721394
0.59891194
0.48841065
0.04890384
0.8963484
0.9209443
0.43694657
0.5592721
0.9999993
0.094549924
0.7365585
0.8315339
0.4163139
0.75309545
0.43698657
0.57978594
0.8875506
0.7159412
0.9120405
0.11629763
0.9007253
0.049504515
0.69060194
0.94305843
0.3043575
0.6844538
0.48491952
0.31910062
0.40078837
0.9999995
0.56933767
0.19750595
0.13020523
0.50266373
0.4831333
0.723809
0.39126787
0.88561493
0.699601
0.506452
0.16986921
0.23612688
0.15984945
0.12118891
0.62802655
0.99999946
0.7880468
0.15679045
0.8972369
0.1280205
0.03952969
0.4260836
0.14308335
0.096277736
0.42913437
0.09667579
0.7403232
0.29462886
0.30739275
0.10508795
0.5057146
0.71972513
0.2676547
0.58346736
0.119883835
0.65460175
0.62944883
0.9995324
0.9629032
0.49518836
0.26513988
0.89214146
0.5374466
0.57247514
0.1003142
0.5993605
0.043852672
0.99999964
0.4282218
1.0
0.92900795
0.98480904
0.7332752
0.9999998
0.05316711
0.13783766
0.9322624
0.99999994
0.25134405
0.4993523
0.6979732
0.8866105
0.06547353
0.9325541
0.34373677
0.09557208
0.5769025
0.9996963
0.99999994
0.49724895
0.54104334
0.7060194
0.8964008
0.06584518
0.33909947
0.999999
0.1035949
0.2940466
0.3400599
0.9122261
0.8592263
0.19755395
0.25778657
0.8935005
0.91472197
0.068932004
0.8023974
0.16769174
0.16479413
0.72700465
0.49727997
0.20173164
0.90670854
0.053646654
0.9999989
0.16996148
0.34047836
0.9055466
0.5630663
0.5970709
0.77327776
0.4822987
0.9233861
0.25890794
0.72472984
0.13927087
0.9999996
0.7059267
0.7932635
0.30562374
0.5991514
0.3760511
0.30309698
0.9999992
0.53642964
0.2558502
0.18548512
0.60528046
0.37586817
0.34148893
0.59841484
0.036139857
0.2631139
0.33909947
0.6565022
0.32790825
0.37145483
0.5226206
0.5475535
0.09951123
0.19810213
0.17898323
0.12596883
0.16928603
0.6979349
0.57221884
0.5756792
0.042868413
0.8982213
0.70867985
0.29913923
0.57247514
0.8977776
0.10808435
0.1230717
0.31078243
0.9999997
0.7190631
0.9171807
0.3544512
0.70029145
0.3098249
0.39601278
0.7076421
0.11028451
0.44450992
0.7349988
0.48452464
0.6490363
0.36153153
0.932264
0.56872815
0.8063982
0.6560281
0.33613518
0.99999994
0.4415879
0.11335494
0.6570584
0.68549824
0.38997403
0.99999994
0.99999976
0.22665411
0.60070056
0.34119108
0.6028219
0.25171888
0.066100046
0.9373937
0.70642763
0.19839688
0.4212885
0.9985913
0.55201286
0.32790825
0.7377585
0.409216
0.34119108
0.5690838
0.18741925
0.39652273
0.06475547
0.80547076
0.7889633
0.05192363
0.8854098
0.76640373
0.09707551
0.07050606
0.23472372
0.7472915
0.19050217
0.5653328
0.9999999
0.17800464
0.348719
0.574012
0.63882977
0.899667
0.9999996
0.99999964
0.99587166
0.7661191
0.19470328
0.6070876
0.51047665
0.05625504
0.6947241
0.32021958
0.1619083
0.41203752
0.12612943
0.1254025
0.13070513
0.9003566
0.9999997
0.9999995
0.6470404
0.10155037
0.056655925
0.71132654
0.49487782
0.8057511
0.29958382
0.33613518
0.99999964
0.19299568
0.26893684
0.91352326
0.91890293
0.7600677
0.70709544
0.49257424
0.70338035
0.9999994
0.31161964
0.44417694
0.36642805
0.9999997
0.49442625
0.34578842
0.49757117
0.57221884
0.41453704
0.4896151
0.6375938
0.5449728
0.7971962
0.37593153
0.8154157
0.79365885
0.14798546
0.15753677
0.8861063
0.10804087
0.1220203
0.19896275
0.17366986
0.3399102
0.47903222
0.4687875
0.40935758
0.99999994
0.7168856
0.31330743
0.7009353
0.5010317
0.9573409
0.33613518
0.64343077
0.9002974
0.113206945
0.06432321
0.17933041
0.18739147
0.9999994
0.9165736
0.75111854
0.76147634
0.29575956
0.10097468
0.69914347
0.74755275
0.15161142
0.99999964
0.90936726
0.050744217
0.33943713
0.038335
0.043754146
0.17275396
0.5690838
0.73333997
0.70854455
0.105864435
0.102123305
0.29822993
0.9999991
0.69280076
0.2519366
0.3783728
0.17579028
0.17678563
0.19848488
0.43156856
0.68302447
0.72001195
0.41564003
0.48644993
0.15272602
0.12808043
0.18610132
0.7163349
0.17736031
0.78909576
0.68437785
0.16270508
0.8006481
0.05041896
0.10091034
0.26100156
0.99999994
0.90307504
0.4761629
0.06709984
0.2669957
0.5055275
0.96908456
0.42620835
0.4365511
0.5690838
0.43046767
0.5578259
0.10343693
0.65078795
0.5830473
0.10032139
0.18321623
0.8206221
0.20734945
0.7608674
0.90770274
0.0424087
0.39815846
0.12713082
0.6010667
0.31047532
0.03712309
0.30495346
0.7217844
0.79528177
0.47959054
0.11631977
0.48315343
0.99999994
0.9005848
0.066055484
0.15940678
0.11292169
0.25690195
0.9020485
0.20693205
0.18418172
0.6024039
0.097578205
0.8467024
0.060588356
0.17258029
0.1749204
0.70554674
0.1885453
0.11645044
0.99587166
0.70557183
0.15934776
0.90011746
0.99587166
0.60781205
0.6015535
0.33046508
0.12817304
0.17390518
0.64675117
0.03611424
0.753525
0.16360234
0.56193304
0.93908066
0.10125988
0.24885628
0.65107805
0.34079173
0.99999946
0.6854591
0.9012292
0.4680377
0.71713454
0.70353496
0.99970007
0.05972609
0.09809615
0.9013749
0.63474524
0.8343612
0.9999996
0.9996963
0.09323976
0.036880285
0.904094
0.9999988
0.48838305
0.251432
0.5375412
0.06591421
0.11660762
0.7442234
0.6584529
0.02428877
0.7207809
0.4275649
0.79528177
0.50055873
0.37722024
0.8953094
0.7993731
0.60405546
0.039937817
0.17779508
0.07538623
0.80076534
0.19207627
0.10008262
0.17679074
0.65533686
0.99999934
0.032083496
0.5481709
0.37183473
0.108227395
0.99999917
0.053663447
0.09395644
0.5640597
0.31733173
0.2706036
0.3129056
0.65421236
0.73338157
0.38301194
0.06315986
0.9000475
0.73575497
0.11046961
0.07382448
0.6100347
0.9258384
0.31287947
0.72400004
0.31501403
0.47894874
0.50028867
0.1804496
0.33570337
0.9999997
0.77051353
0.6982689
0.6272132
0.89503837
0.78221655
0.61817676
0.30070972
0.8091983
0.095085666
0.09900251
0.30442545
0.40338677
0.56536925
0.02132312
0.3988001
0.49886212
0.037971172
0.9999997
0.24953969
0.6236015
0.1525748
0.40555766
0.57247514
0.48402056
0.27378246
0.24440724
0.39955232
0.050098784
0.122214064
0.42540184
0.049190633
0.9995324
0.8082893
0.59461594
0.02798099
0.05573899
0.9041457
0.5577695
0.12590815
0.32532412
0.8219662
0.67818516
0.40436894
0.12617458
0.03452012
0.57221884
0.50387686
0.016879091
0.9999994
0.12173908
0.028484957
0.94778365
0.16526349
0.8061361
0.62411565
0.2660864
0.9034803
0.72635496
0.726455
0.08848121
0.029447032
0.56750005
0.3139998
0.72973627
0.38826934
0.053540923
0.4900454
0.99999946
0.09240169
0.19050309
0.4845372
0.9262791
0.57859075
0.100561336
0.1484518
0.897394
0.15834501
0.71325535
0.49207065
0.054242402
0.30001727
0.99999976
0.40626517
0.12496869
0.6890575
0.90753186
0.42040375
0.4235665
0.49794784
0.99999976
0.13635561
0.23665814
0.49289587
0.040171992
0.17367575
0.45591283
0.43867067
0.12079948
0.9125396
0.49486434
0.49551132
0.052327175
0.6448505
0.8046637
0.35813928
0.80430895
0.19663222
0.72067434
0.15700224
0.3875058
0.20161155
0.31599304
0.8930036
0.94891304
0.9996963
0.49270537
0.08912553
0.6175577
0.046159644
0.58065385
0.074306555
0.6922073
0.89222044
0.3320615
0.81182367
0.05918179
0.16233248
0.99999964
0.9575819
0.7385042
0.117893554
0.18266226
0.116801694
0.055656366
0.1827828
0.7084019
0.7305084
0.29688445
0.6985998
0.9771546
0.30523956
0.3247241
0.4927798
0.31156424
0.111822255
0.9376983
0.9010796
0.17221314
0.026530327
0.094974905
0.46933976
0.804307
0.9153971
0.1900402
0.17946106
0.17281024
0.40854114
0.036938224
0.69709414
0.30658245
0.79528177
0.19057949
0.11374221
0.38020656
0.19581802
0.07090883
0.3202549
0.3470484
0.99999964
0.9999993
0.8726341
0.16713336
0.3139917
0.16092655
0.5722434
0.6875718
0.044557523
0.78780025
0.25712883
0.96037304
0.80508506
0.20437443
0.12076984
0.38394934
0.27779892
0.18360835
0.097126484
0.49501738
0.7222858
0.72256774
0.40184277
0.9999999
0.9599488
0.736928
0.2680542
0.6901975
0.49961385
0.1963474
0.16886947
0.20087595
0.1830233
0.8070825
0.5682573
0.39789692
0.90724635
0.900979
0.99999934
0.31091216
0.90589106
0.4883012
0.050020028
0.6504223
0.59823644
0.34289354
0.99999946
0.29803142
0.6573078
0.6066587
0.0010050675
0.73182046
0.15519886
0.61356616
0.4798432
0.19515829
0.08470667
0.10021976
0.37149942
0.15366781
0.41021556
0.18812586
0.2502872
0.18172717
0.29291087
0.99999976
0.99999934
0.69285136
0.88683677
0.70024437
0.5132909
0.40119535
0.15080509
0.35022843
0.55473894
0.5936878
0.09642748
0.054995317
0.8401383
0.12850265
0.6998282
0.4279405
0.5694767
0.7511083
0.6044766
0.31830624
0.3948176
0.17678398
0.9238152
0.9999999
0.12865274
0.11175255
0.8052226
0.12499375
0.11220086
0.12263363
0.9999988
0.7899339
0.14946467
0.2081901
0.99970007
0.7038684
0.14068848
0.14938165
0.12474339
0.90068555
0.37618077
0.41651776
0.37190473
0.60449475
0.3433663
0.40349835
0.34497163
0.011681652
0.7385304
0.3296975
0.117715046
0.5004677
0.99999934
0.20038353
0.439258
0.89342004
0.6464873
0.05819417
0.25223628
0.2546271
0.77018017
0.69697195
0.1188109
0.4447668
0.64231765
0.72958827
0.2730212
0.09121095
0.999999
0.7215825
0.99999994
0.14554079
0.34119108
0.12610194
0.9999994
0.5991525
0.49834776
0.9999998
0.68661195
0.7664044
0.20058456
0.19800258
0.5035115
1.0
0.9501206
0.6011402
0.57247514
0.99999875
0.5027375
0.61611414
0.12863106
0.99999887
0.7325169
0.9999995
0.79448575
0.060076274
0.19994685
0.17630152
0.2996085
0.8997205
0.20043564
0.36250278
0.25106046
0.5359956
0.7129428
0.49872375
0.4993994
0.20330971
0.9997706
0.82078534
0.32790825
0.74041927
0.16665319
0.7170922
0.7488624
0.43702874
0.55592823
0.6372865
0.59457344
0.8999488
0.9850928
0.24348974
0.68936676
0.99999917
0.34005898
0.4027795
0.31028718
0.6364168
0.70109135
0.32076335
0.18796732
0.5040367
0.18252762
0.90010405
0.7519643
0.70259213
0.6202945
0.11826212
0.3843599
0.29907104
0.338169
0.7448208
0.75213754
0.57761693
0.9999998
0.9985913
0.4320917
0.9619455
0.26085916
0.71260625
0.9999988
0.5192671
0.18823095
0.9997706
0.3020464
0.2637602
0.96448845
0.3358985
0.69100577
0.9999992
0.56327206
0.64820033
0.99587166
0.9999997
0.69434
0.4213216
0.19143996
0.028679276
0.80016345
0.99999976
0.10667428
0.9996963
0.9625422
0.36640984
0.33613518
0.05717013
0.7453321
0.036162272
0.31201544
0.80097896
0.60574484
0.8383328
0.12561265
0.13684629
0.91732216
0.7423261
0.9999999
0.9997706
0.83539134
0.12107942
0.56299853
0.04788019
0.9999992
0.58113134
0.60479635
0.38435125
0.66648936
0.10289117
0.2755885
0.12955375
0.14326732
0.040486064
0.80345994
0.12154404
0.033983104
0.8045369
0.11753721
0.6435947
0.75008285
0.18072242
0.99999994
0.19040583
0.75460553
0.9999996
0.9999998
0.1689054
0.99999946
0.5821889
0.10205418
0.652488
0.1612544
0.56057894
0.05915959
0.7104152
0.91431963
0.5673748
0.37661597
0.40253988
0.09152975
0.20173065
0.8969795
0.25586203
0.7190947
0.56744134
0.9223318
0.17540811
0.72929966
0.0245742
0.49875695
0.036412433
0.8260405
0.07356799
0.16772702
0.7986972
0.99966455
0.14842124
0.50007445
0.99999934
0.79881734
0.90031356
0.99999887
0.13907963
0.16352105
0.72591317
0.38840553
0.05647993
0.07260227
0.13052668
0.04824892
0.118013136
0.097230904
0.067076005
0.92898005
0.18153317
0.99587166
0.99999976
0.8065193
0.36198694
0.37876067
0.8143507
0.72586346
0.14656965
0.42486408
0.9408186
0.31443697
0.99999994
0.059325755
0.25600475
0.2984538
0.3883236
0.38527772
0.40159458
0.38261256
0.40078202
0.8902413
0.7046033
0.730933
0.9123111
0.7724432
0.18204166
0.900708
0.09885412
0.70534384
0.25993675
0.64339817
0.6253871
0.9999995
0.9999995
0.1300546
0.99810594
0.59495854
0.42682722
0.48552695
0.9397514
0.81015337
0.9999995
0.6079729
0.49801752
0.5572782
0.30022556
0.11823927
0.6027361
0.416218
0.07108814
0.27214506
0.12114161
0.61023766
0.12821093
0.8977447
0.7020956
0.50337833
0.80457675
0.70753306
0.9999989
0.7373449
0.048828788
0.6972405
0.029842177
0.26295534
0.5974489
0.040148314
0.18897615
0.46191353
0.80399275
0.566476
1.0
0.7994871
0.41621104
0.33774623
0.06166937
0.06535868
0.10424861
0.9985913
0.4244558
0.3759195
0.99999946
0.15844741
0.58160174
0.02886472
0.04709406
0.060610913
0.60285926
0.7371176
0.1294767
0.73453736
0.8144207
0.031859227
0.124063075
0.9150598
0.930231
0.5481845
0.16870748
0.11844374
0.67110676
0.59952515
0.048992507
0.19168988
0.04370894
0.34236157
0.05954122
0.5690838
0.5878037
0.9434503
0.72556823
0.99999887
0.71913433
0.69352615
0.48745972
0.9999999
0.067027844
0.06384363
0.59235275
0.8920094
0.70261914
0.9996963
0.26023477
0.16724662
0.4064369
0.15143237
0.24943022
0.07250081
0.100875475
0.99999976
0.6993401
0.5008326
0.12198129
0.059614472
0.6987894
0.122592725
0.80964756
0.62130827
0.1280581
0.84924287
0.88642675
0.9999999
0.16959785
0.5723452
0.5953559
0.0984653
0.9999998
0.25234035
0.037096113
0.921903
0.33748093
0.19752237
0.11583472
0.17075096
0.039111968
0.43696067
0.93042386
0.57071334
0.6335401
0.07114097
0.7968657
0.20685978
0.73669666
0.92279506
0.6399109
0.4120406
0.5738191
0.549003
0.7063612
0.69098663
0.1964239
0.3770365
0.4892278
0.99999976
0.8161576
0.94591194
0.11770726
0.99999976
0.049231578
0.043543257
0.9370852
0.43334347
0.17667612
0.5884704
0.09988657
0.16648918
0.71000737
0.18086065
0.07452182
0.628486
0.18104596
0.34676585
0.31814635
0.116390765
0.9999992
0.065566555
0.1660236
0.6394445
0.7065043
0.9999999
0.17544158
0.040619906
0.5879223
0.38626465
0.49938533
0.8974331
0.5163118
0.49120647
0.9953369
0.62015516
0.121052794
0.10855293
0.90381604
0.80324733
0.36127377
0.34119108
0.49410772
0.3054865
0.12777132
0.12422268
0.17194158
0.61445713
0.79854786
0.053121015
0.89623344
0.4113282
0.26805884
0.41703302
0.044559065
0.5123218
0.49007553
0.1258832
0.30282995
0.119589835
0.8009863
0.048017886
0.8378323
0.17393777
0.2972019
0.5717785
0.73647577
0.46928477
0.113462344
0.41387728
0.80003494
0.68541515
0.99999994
0.11166854
0.1252438
0.7204329
0.13645276
0.30045468
0.26344743
0.81111664
0.16708751
0.7932635
0.8934745
0.8001903
0.35155725
0.26129106
0.9371775
0.75719523
0.8941045
0.72563064
0.5640559
0.3371027
0.6884071
0.70685834
0.56263095
0.99810594
0.17104669
0.55642205
0.7016544
0.1056392
0.11037584
0.20039934
0.6840417
0.74268997
0.59937036
0.3347129
0.13859336
0.47532868
0.7288474
0.08021584
0.80538416
0.19792175
0.26523182
0.5009249
0.16544153
0.99999946
0.06682914
0.753437
0.9504287
0.098900065
0.99999994
0.9205756
0.7437043
0.10182212
0.52455926
0.8968924
0.06437328
0.6869351
0.16736862
0.33909947
0.4993991
0.168836
0.05027764
0.6938915
0.17339163
0.99999946
0.30847365
0.6092111
0.57189715
0.75554967
0.65585274
0.72909695
0.053657427
0.6584539
0.034618758
1.0
0.9999996
0.040638596
0.3499892
0.06655036
0.10095181
0.100731164
0.99999964
0.07162729
0.90339684
0.30173206
0.43912083
0.14487897
0.49606198
0.11577725
0.9614512
0.32790825
0.18611662
0.11398933
0.3773528
0.11865601
0.9056116
0.062383916
0.7710497
0.10233139
0.7274443
0.0633531
0.2021382
0.18960251
0.117878705
0.6144302
0.13021693
0.5048216
0.038455993
0.574201
0.93319076
0.85063803
0.82203513
0.12071216
0.06592202
0.09496402
0.09973097
0.5013499
0.12851714
0.12673867
0.70702046
0.5366392
0.6195851
0.9999995
0.034447137
0.16879046
0.123761155
0.579581
0.9303831
0.40165302
0.80099213
0.9999999
0.7932917
0.9016775
0.08951328
0.6892991
0.582937
0.059476808
0.1823657
0.9999993
0.599832
0.11085047
0.55751145
0.29948518
0.0510065
0.4796512
0.7016683
0.5276423
0.25365236
0.3600472
0.051426865
