-0.44716806822026944
-0.41987819428795736
-0.5444960544369306
-0.9633333663456212
0.9999980293852275
0.7775815139975155
0.17543652287226474
0.9114152004570939
-0.695378175901679
-0.7995958008533914
-0.7132541459478903
-0.7969243246206624
0.12035685467253332
0.17766220909441932
-0.5302515271353752
0.5858825721938046
-0.26167637820490797
0.8028669647976014
0.16180651947118196
0.6066240316552722
0.18905211615282336
-0.954508222111385
-0.811472372783472
-0.7517709509387466
0.8809498655639771
-0.5372946890775492
-0.2156288996516662
0.5769827832273449
0.17189015526224205
-0.8268199824948096
0.6110649352086024
0.9999998768365768
0.7625988067185108
-0.16920478735002364
0.22441529089965195
-0.6863785013989363
0.4795909367757112
-0.6869789538782988
-0.41458136652451905
0.595488333902525
0.8701976987113345
0.09113510086430932
0.7893896840413901
-0.005801903065138725
0.9999997536731535
0.7935130722894956
0.8827188618125967
1.0
0.15503499445905944
-0.8013076184827519
0.9999976598949576
0.7983527790074176
-0.5106271599230883
-0.01900428306058155
-0.7088032353664182
-0.15602340671825066
-0.9417906903271251
0.7931731412412333
0.9999985220389207
0.7762822630452986
0.6091959302602765
1.0
-0.3650993527495958
0.6720351404537099
0.45783534968692785
-0.8239811271698384
0.7926467407701201
0.12875450636226682
-0.5395810948673825
-0.01582605092275291
0.8111931817018305
0.8367840777916593
-0.7830905781266129
-0.8600280436610248
-0.3824362672829513
-0.5469162157044498
0.7876254911662783
0.9999993841828836
-0.7479865700132287
0.2301930102493004
-0.8172758178931587
-0.6987313308914259
-0.7236906757375132
0.9903645559062682
0.5752939663672825
0.9990339061077649
0.5889495877604083
-0.3717698837546257
1.0
-0.9110743560750708
0.09561824947182584
0.7893164018045364
0.40564127733130384
0.9993726055217942
0.588255931360476
0.12234483548775099
-0.9380377545631142
0.3841488904780772
0.9999985220389207
-0.20063276755952364
0.5211008284883452
-0.7547378346422209
-0.8398921325655582
-0.6958791739167401
1.0
-0.3708485597667541
-0.29921505007890314
-0.2424165131438284
-0.7609795721890896
-0.5479161179563763
-0.7012214181925143
0.5835334762215201
0.570767341071347
0.373555850768317
0.406269780280319
-0.18825866158566174
0.9999998768365768
-0.4470185478244033
-0.8618155760048487
0.8509982453093754
0.36088849268361733
0.5630563254664187
-0.8206406888035456
0.9999988915291904
0.1633098522157792
-0.36132266953803305
-0.9313958436585698
0.18194164539982505
0.17119021752772223
-0.7972518777448847
-1.0
-0.04943753388193295
-0.2000308063282259
-0.4141935249045995
-0.03482788861205377
0.9999992610194604
0.6803879606573682
-0.49065183853615524
-0.4446846009531825
0.8107690068720423
-0.43379375208592286
0.9990339061077649
0.9999988915291904
-0.5515899289186416
-0.05957511525239123
-0.36064570178195565
-0.29015231590343926
-0.5414055762381915
0.651748893004698
-0.8650870890403867
-0.70594910777696
0.7922986809359212
0.7807704613531699
0.6048567596945784
0.2962240005571235
0.45787882637534705
-0.9561226713569259
-0.44020600939232757
-0.4357961430216647
0.18932886436494134
1.0
-0.967219003000506
-0.4427211912409099
0.9890395637985852
-0.9962002725270552
0.17404810160159068
0.7916641429791649
-0.7110099236305315
-0.45476466500496737
-0.8118726077228593
0.6115968780337635
0.08201213977485988
0.3684373020600813
-0.943587175112279
-0.7370324767281129
0.5852634296649588
0.9999996305097301
0.5870472055243727
0.06946622082551768
-1.0
-0.4738250669020395
-0.04627315762922368
-0.5489557404123117
-0.7248634994357296
-0.7357666338544617
0.6140935237871417
-0.8171979478187879
-0.76505849844139
-0.3572361071534892
-0.04147982194016797
-0.8445779773769433
0.9999979062218043
0.5956011515982527
-0.20327967268930758
-0.3437906641421965
-0.8281343979435182
-0.48279370422211487
0.9993803648174611
0.43977848336276915
0.18669439874090887
0.3628660046078558
-0.2056389296440131
-0.7279054512456951
0.7988148881715769
-0.9081629728892135
-0.7967906923063999
0.9999979062218043
-0.3420257938682567
0.587623117691646
-0.06947837821005276
-0.6823445913778461
-0.7038034469890837
0.4093529302553729
-0.5392205339457203
-0.6929365226167968
-0.04487482170297541
0.9993803648174611
0.7750319079721253
-0.008590322968275332
-0.44445662545668496
-0.8361889933131235
-0.1850554888546182
0.35531904268274106
-0.15875646466262128
0.8276127134768594
-0.8112066015114543
0.7954788836885223
-0.19804953791957713
1.0
-0.012950554479354892
0.45006176706297163
-0.6957680805089386
0.7858731219798019
-0.7251060082161747
-0.851050569365329
-0.06906374854556907
-1.0
-0.6977178190812267
-0.38147380671170306
-0.4372285336344509
-0.5645899206187739
0.9999998768365768
0.9999986452023439
-0.8790731578981819
-0.9193618842689608
-0.05674814519776694
-0.8198091817421034
-0.8101080453574778
0.5883682564025106
0.8348867452559783
-0.21435797628680453
-0.4127191355644737
-0.9593105487303404
0.7934434849553405
-0.36583974966866406
-0.5295582402257129
0.9828421035023869
-0.025917322846056634
-0.5401871820733603
-0.9310526333841626
0.12515714909500453
0.46162952210459696
-0.5383420708291513
0.8977714027526031
-0.6754068573260027
-0.8587833387098947
-0.9637366649751626
-0.8249807523040624
0.09165115560786674
-0.8569496200823394
0.5862018117869552
0.37859027885844987
0.2791960414710746
1.0
-0.8154813114204915
0.7660845779242782
0.5728123465515449
-0.8131971687585609
0.44140756596253894
-0.855953335755972
-0.5655875135565138
-0.6523728339035376
-0.19978552637075697
0.41589820405892364
-1.0
-0.9203412028337711
0.8401028393954544
0.3057731070911336
-0.677245040627652
-0.9911536435603031
-0.8524112172840526
0.5063883417600243
0.4532050207885878
-0.7968603720131224
-0.04685381158829338
-0.81450738125545
-0.8333243198555466
0.5090697326483276
-0.21760290141834115
0.6097029940739345
-0.22070748182904631
-0.7158702294309975
0.2667488995872056
0.9999975367315344
1.0
-0.3876670178697982
0.9999991378560371
-0.2038316911524638
0.4257171616533477
-0.542234096586619
-0.3887695152533197
-0.0045072091595833585
0.9999995073463068
0.4728389947478908
0.7930658658995535
-0.14548825381743347
-0.2267232760759016
0.7920412693812586
-0.9985340423508551
0.9999995073463068
-0.9436804944985581
-0.16512826278447734
0.9999992610194604
-0.17991095266406976
-0.8124343407010272
-0.29522356985713405
0.9999992610194604
-0.6926037966287967
-0.37426726848854364
-0.9744081905764104
-0.17524564535351717
-0.8667986911337563
0.9405626867210779
-0.8367197352949076
-0.813518579107047
0.24649085656212555
-0.03264697229426261
-0.8566922239231051
0.7608731639948867
-0.42746130467780585
0.866325933336997
-0.9168741678637707
-0.9863304253456733
-0.06049502286089503
0.2645351602171093
-0.03779126215796447
-0.5266162971154533
0.44847948656404957
-0.826624830050617
0.9999996305097301
0.890768330504708
0.346373560086243
0.17660054038571626
0.38060732624156257
0.09096390370594531
0.8991662285212878
0.10275840260983538
-0.5154770276234311
0.9999979062218043
-0.805768474510654
0.9999986452023439
-0.8133924751570326
0.059494663749645404
-0.8046389735465775
0.8763529139533468
0.9999987683657672
0.09919171303497087
-0.7320279773498377
0.9999998768365768
0.5703174250860927
0.4298240460027334
0.9999993841828836
-0.6648951054756094
-0.45018957490196987
0.6476055522820203
0.9724966222734261
-0.9134058704686817
0.5764360607913896
0.5909723006609919
-0.2866066256922446
0.22421539666366286
0.1706091324966712
0.8055990990162976
-0.6858026200225189
0.6116255751113886
0.9071155653502696
-0.5318057263737886
-0.22865928192649376
-0.056147169273855435
0.8856625907924938
-0.25979505691425375
0.38349169045143694
-0.7847494970656731
-0.4963445135420266
0.9995260671472055
-0.7812293940556655
0.26720522007047065
0.8031690846749158
-0.37522671155592147
-0.5485864964693079
-0.023685478452737718
-0.725053017153307
0.7921580283065315
0.9999995073463068
-0.6583871501893135
-0.17468863877171792
0.9999975367315344
-0.45656666905102716
0.26748406206078434
-0.7260872512094736
-0.8295064076880396
0.09900856902454835
0.9999996305097301
0.49331873193488107
0.5888265475005483
-0.04796764000675702
-0.23324471775704703
-0.43946080909975127
0.7730244673360289
0.5000837292855693
-0.9231589356316492
1.0
-0.9730713670823782
-0.03185712526074602
-0.6508129691476532
-0.028961306852506308
-0.6878234238900416
-0.9181861200440136
-0.23500349144153432
1.0
0.5972207506144296
0.11632756327981619
-0.6879042806774271
0.054777258311043964
-0.26395896592861956
0.20737156689542258
-0.2806655916433223
0.26316816938208665
-0.7132608275636034
-0.8542642109873515
-0.33234360925538886
0.5050357610455258
0.9999987683657672
-0.027915895715676653
-0.9145050886260584
0.7623027218489375
0.4464204404535974
0.7833963055375723
0.43213262120875773
0.35265637263477667
0.6349363467459714
-0.8004156073896217
-0.8225256896014703
-0.7117757537965077
0.07517730876316975
-0.280371723715368
0.07632235910943574
-0.5315430803736367
0.456727248367647
0.9999987683657672
-0.2942065478893713
0.923314880924468
0.3789878503888089
-0.8069292589842444
0.997089278817543
0.7964485493200326
0.8226904872653376
0.9999975367315344
0.43948079736869317
-0.6620347273424194
-0.9844939278433802
0.5667161265892855
-0.9443749052744579
-0.8376505736572278
-0.12558282767321383
-0.6951661192776408
-0.5451057133821836
-0.9759154260619831
0.5986159458733842
-0.38147380671170306
0.18279738486479835
-0.025208763671907053
-0.02879589837503671
0.7723122132591809
0.1524334134690437
0.8427666179142281
-0.31371686577169766
0.42404312440407943
0.1228547320601443
-0.969592800936873
-0.549523031139955
0.9999998768365768
-0.5315953016651089
-0.9330702811889636
0.494666755602718
-0.27420542376526036
0.7731424578955344
0.5728123465515449
-0.8028228980794078
-0.36564465880618313
-0.35530077870172516
0.34390856733264874
-0.5663319440776946
0.9055320532171147
-0.9368596194422688
-0.9404333755185442
-0.7188134041754899
0.9048210307744995
-0.7749865480379872
1.0
-0.5183265365845162
0.5874913328287326
0.4537322834036641
0.2806294173912469
0.8514742719403658
-0.027357472754509615
-0.5502514812069648
-0.2407590413749917
-0.44589184882820665
0.36919217068138543
-0.03695467460531188
-0.710944185153354
-1.0
0.40515699875095335
0.9999988915291904
0.25938237207720105
0.1302245849825776
0.879866520092776
-0.9115148654538718
0.5769827832273449
-0.7564134114342801
-0.8179583587941397
-0.799487417040902
-0.8396608932383436
0.5915039971593066
-0.28225741730754883
0.10143612009746472
-0.859177923527239
-0.5537379913932718
0.2676127678381155
0.4125460651674189
0.9999997536731535
-0.03971390477713033
-0.33960316933227186
-0.8011599763290909
-0.9270587822664953
-0.4351130786761349
-0.707097914607636
-0.03836662008983294
-0.8360984374061544
-0.940925151672287
0.592421195172498
0.42810172869153806
-0.24300061567874998
-0.18179325926211032
0.818576213110555
-0.24389866177962105
0.2538400180294471
0.9999998768365768
-0.19661985690210326
-0.055510783865750035
-0.48981697527142865
0.1917459465468785
0.5769827832273449
-0.36132266953803305
0.09561824947182584
1.0
-0.9146955608601661
0.526829159305257
-0.41603758925971057
0.33565834226058544
0.3644454523480425
0.9993803648174611
0.22248679801788018
0.20849617211342353
-0.9456587838919062
-0.7492796012125695
0.28969523065229286
0.0026152084454733604
0.4265551655853681
0.793728361953395
-0.23234383889744048
-0.5424206275911818
0.25074824661476347
0.14317201669182378
0.9653152093886166
0.11839116643692993
0.377483901827095
0.44634777403386017
-0.196879423816673
-0.8655543864637518
0.7911887321652908
-0.5034730893182475
-0.8617732077872392
0.7740820716517636
-0.7164194459262742
0.17912009453582534
-0.057202556647971026
-0.8215555467116948
0.34645041406237187
-0.6945680992758881
0.6033332281485624
0.43768039444713613
0.3715626970893213
-0.44644645372325187
-0.40908384396284037
-0.6752509324321259
0.5697880686928205
0.7665247639990931
-0.9347914438430657
-0.8036847957155451
-0.14574492639155612
-0.9211680296851285
-0.3009931604208459
-0.19889918079509783
-0.9454465040341632
-0.688358045519659
0.10286875703709741
-0.4147428337724436
0.44134586108747387
-0.742890375466319
-0.3512937183069107
-0.5271563687265512
-0.4491096780066208
0.38568461520299824
0.9580245505473546
-0.6983399175322311
-0.7592387187826901
-0.30201239933022783
-0.028751436379231388
-0.682475914377922
0.16286966614096432
0.36762294550533126
-0.21989971451744206
-0.8568188821085241
-0.8287932760718008
0.5877273139477437
-0.9981999846583406
0.9999997536731535
-0.8086067909956483
-0.7138410504506916
0.9993069594171842
-0.7770829434565502
-0.5453799367441241
0.5930469885262011
0.5963302790640905
-0.8544967435305106
-0.8308895945132241
-0.24496470278985072
-0.8078372197406898
0.9993726055217942
-0.6609086441633392
1.0
-0.7395348803715296
-0.8164012036335674
-0.07985865310609097
-0.654818397627109
0.9999986452023439
-0.8062232246602722
-0.6857826983388027
0.43338975027021154
0.589830329400308
0.9999990146926137
-0.7860154631027476
-0.7462459321428199
-0.13996191101470645
-0.14327051163608062
-0.8198970434491881
-0.8849037759381306
0.5762232343959559
-1.0
-0.702887634564404
0.1705949687029935
0.8944281316275748
0.8156945584959929
-0.1832435701529842
-0.24660154468528728
0.9063674707172462
0.9999983988754972
0.9020997349370523
-0.9143519810954891
-0.8381806382401839
-0.16193833012143677
0.7892962030031179
0.768583686946122
0.8852083640874246
0.3588864712381452
-0.4220583716252089
-0.9661737150270996
-0.9454573962994098
-0.668212912562874
0.47236346077059355
0.24527363244981548
-0.863192774008576
0.9999998768365768
0.595488333902525
0.06262301470104426
-0.1937460231649195
0.8677392336191743
0.8360248984505403
0.9443935618388855
0.4977519993559676
0.041747676598467676
0.677422924405243
-0.024799861106606147
0.7938542349719906
-0.7877834740439811
-0.5590341417578821
0.2109127616416675
-0.662809117366314
-0.04236696807807849
-0.6507522187891186
0.16978159745562982
-0.9695062247480186
-0.7977973685466069
0.5728123465515449
0.9423189971370995
-0.020662432228246264
0.4512727098406941
0.5013975135217337
-0.6970694868210627
0.7907183710517716
-0.2741498154796479
-0.6554477011383757
0.16272938300184459
-0.9683337782377861
0.35968173746228627
-0.22885424962555134
0.6139426485936195
0.9999976598949576
0.9999998768365768
0.4493843682349128
-0.39268574262346256
1.0
0.8610441930929109
0.35589236841812544
0.08507546043876513
0.1236182221210782
0.2939483099851159
0.17285181527123883
-0.42601321072855103
0.04024175742198133
0.9999975367315344
0.7952957396780997
-0.41912252510440196
-0.9789926872858612
-0.9927315440599848
-0.8486033583309711
0.7994904395482865
1.0
-0.5823404795092268
-0.7970324621063052
-0.6622445670248387
0.18057539354534202
-0.9639936916441273
-0.5308866193275361
0.8482305168613504
0.1763978133909918
0.28599971213667374
0.22315261948415044
-0.8608000319981652
-0.9895420655620675
-0.042594512502594606
-0.41588455870628094
0.3572713061052064
-0.5075209168061687
0.9999980293852275
-0.03816703376240216
0.782933826883143
0.9960863590617461
-0.02893889110946868
0.4023887776492352
0.10805270552309643
-0.23644758257953236
0.2171955741902012
0.8192116132112741
-0.8404537577757305
-0.6824830886473283
-0.24102575176811203
-0.7560386867189404
0.25212287358202956
0.5986159458733842
-0.3630712822400993
0.4125173680897938
-0.946574742573151
0.21102989005720985
-0.9988914856983654
-0.8612957493814531
-0.9431899268859063
-0.762141557506057
0.22591923946136583
-0.7980817221001125
-0.2449588525272447
-0.18981520092911763
-0.8113215745670893
0.19143828431551646
1.0
-0.03580143389139756
-0.5377840173582542
0.8279995697893927
-0.8141759946696779
0.09616472558093436
0.9960863590617461
0.925693289791494
-1.0
0.45766501467252696
0.40947375357361393
-0.5507037065064058
0.9876446148664773
0.11658866973717719
-0.8584660235452328
0.11691813189446032
0.4656139820112388
0.5728123465515449
0.18120771456047913
0.09561824947182584
0.5778007115213699
-0.8034925684026555
-0.6859271998251699
0.9747037108186651
-0.012692896597846004
-0.7079824127319458
0.430420156971425
0.36596184041550783
-0.29034672936709216
0.9999998768365768
0.8343756170493521
-0.8207656073056108
0.9999986452023439
0.608457811864539
0.7799763035998382
-0.03782975072774053
0.9999987683657672
-1.0
0.5132886957129013
-0.7068823478260342
0.0008676426325049391
0.594862047895129
-0.9533451745098918
0.2094844354218497
0.9999987683657672
-0.3813143100785511
0.7678278330174317
-0.8100082367983346
-0.858298952361549
0.9993069594171842
-0.6992679539266717
-1.0
0.7660956626323736
-0.36132266953803305
-0.663939203356651
0.6211685234742343
0.22402375437703403
-0.07774227442210035
0.9457689277866914
0.6295981976540215
-0.9462320403478648
0.415047883784575
0.5636290353846867
-0.7006952640482476
0.4010171066041277
-0.7026380746779759
-0.7188047211541484
0.8679233629369829
-0.5473011629839222
0.9999980293852275
0.2054152390799886
0.09561824947182584
0.4275017996567245
-0.932424643128684
-0.36564465880618313
0.5769827832273449
0.8247809400487272
-0.8635789067359975
-0.5386340913057563
-0.2855480976508352
-0.9512527434140158
0.7718010850525547
0.9999992610194604
0.6065923786554883
-0.33896235004092823
0.9999997536731535
0.36469005490668316
-0.7079030646964957
-0.39311404342793066
0.3975794922968643
-0.44120160092443905
-0.28632901533616373
0.10958104044262051
0.4627001817431997
0.9999993841828836
0.9188438023324332
0.6682221240322785
-0.7214693310260293
-0.4568679267843784
0.5908520931598673
-0.9938492367308538
0.918273063028938
-0.8373524411957424
-0.9695554593264761
-0.04218425513963753
0.6097029940739345
-0.9685598370035089
-0.9700096552406896
-0.9290252402734942
-0.04986940642567628
0.375384088623536
-0.8611777896128034
-0.6854268484180811
-0.806575964704556
-0.5415387774804725
-0.6872597664833849
-0.2939521538385793
0.9960863590617461
0.544186826875436
-0.008018967847663538
-0.4661396692891542
0.42414362575747866
0.5246145577911978
0.22487308934399652
-0.22945602611171412
0.3819020201471177
0.9999997536731535
0.9999987683657672
-1.0
-0.7026121487773749
0.6134801699391903
0.5910569139327877
-0.33531221724678917
0.3710436864236051
-0.19376609880291473
-0.23779893165979804
0.7940929256863138
-0.44894229891437865
-0.6474180001757015
0.8814446130353066
1.0
0.9999988915291904
0.4538964602469009
-0.45042863510656295
-0.4049223366352285
0.4689051550082184
-0.907487775607346
-0.033327634953038476
-0.809274583076691
0.9999985220389207
-0.6590758800523144
-0.8172659340284403
0.6744532079430332
0.7954774057274427
-0.5556742743615664
-0.7046504418510038
1.0
0.42396072807390284
0.5728123465515449
0.7964857446738642
0.5986159458733842
0.7835326474471469
0.9279468109473108
0.17369462257676727
-0.9817194177093607
0.9999981525486508
-0.2731318697862104
-0.28342112691244226
-0.36549790958734096
-0.9358840881527246
0.999998275712074
0.08896422236551582
-0.6751991114217795
-0.4348666286661448
-0.9808857014040133
-0.11865821052595016
0.5979895367025647
0.9999993841828836
-0.7585418909246083
0.15997975957704225
-0.8814401279622706
-0.9430683030054139
-0.44387443195482423
0.8173147733292863
-0.7067816617275
-0.9477490981164444
0.5889623967564299
-0.9126403174204079
-0.7483232988124855
0.5882161495747555
-0.2598975904641372
0.5127589698293593
-0.7419673887722329
-0.6491671979040284
-0.734603509275829
0.9903645559062682
0.4500237095651771
0.9999997536731535
-0.45217441504989386
0.9999996305097301
-0.8398691164008321
-0.5260810288778637
0.9914695781399672
0.4681898218457883
-0.8033995800180765
-0.17761069098911697
-0.6666674887183694
-0.19302336177880408
-0.9659905864121051
1.0
0.8441981463830512
-0.09149815084177892
-0.5366935284085028
-0.045328371009216606
0.5567292972489262
-0.44740318719531746
0.14259413390977804
0.8076152842554472
0.39476742501645723
0.7691104569075051
0.43522168302812925
0.38782852091209263
-0.4483522229534278
-0.8289179174561636
-0.7972713067749077
-0.556309920789132
0.9582110199702056
0.8297112950461856
-0.9537275892414727
-0.6488369659753498
0.595488333902525
-0.7785863069920034
0.3982471612144838
-0.4483193383194112
-0.7242603681519106
0.9999995073463068
-0.24257951993454396
0.11630798029551426
-0.68248727620372
0.8832963751043728
0.37604325926494875
-0.41536868870785826
-0.9677628618868698
-0.7032768001911238
-0.5744455809133364
-0.5518990999019389
0.47824525321291644
-0.29735873096317544
0.09561824947182584
0.7898755637462431
-0.8081402941345345
-0.9186524167645647
-0.4191342872113255
-0.857183969285992
-0.5580455089591863
0.893191940348079
-0.388864351089248
0.8065632222937602
0.7931811468637469
-0.6467706840137797
0.2399992820111263
-0.23775896512894257
-0.757348776052406
-0.6377394180929647
0.8314756110847206
0.09919171303497087
0.595488333902525
0.09821133218563483
0.9083260154742991
-0.8187109027058292
-0.8306424209181221
-0.8208012477212234
-0.3783431772369735
-0.36132266953803305
0.9509448706501771
0.5986159458733842
-0.35803611516942657
0.9999995073463068
0.8043158593091075
0.3545771062208818
-0.15065237299228396
0.9426063374036198
0.8250361346617703
-0.9780177718134333
-0.9735809557462133
0.34641321870854025
-0.6916889079297917
0.8599559210847785
0.2750967932539323
0.9999998768365768
-0.08973562067288154
0.7702213909855216
0.9999987683657672
-0.8392404133112539
-0.02844168036967354
0.7729692901223979
0.766688078698367
-0.38828326605819674
-0.03427205208277573
0.9999991378560371
-0.7630201129951935
0.2702517905088093
0.22858006205798076
-0.5434861143660066
0.12193112954894203
0.06839063464998363
-0.8398799239912251
0.2781056756847464
-0.8449861101708487
1.0
-0.982307707800674
0.8335302233119346
0.9999980293852275
0.8746615106613955
0.999998275712074
0.8638467767897251
-0.46476264063513395
-0.06155145712410859
-0.9774744825579023
-0.8661769775684496
0.9999997536731535
0.27510381356905955
-0.3524988108220274
0.9257987176818245
-0.8016659316719391
-0.9209989570958161
-0.5328345104484751
0.4260011765074392
-0.9514885859741756
-0.027880178322924443
-0.4586306416984106
0.23150174478511
0.9999977830583808
-0.3688688924826081
-0.052628882924341314
-0.5504275125296927
0.802987541788996
-0.9681985678921627
0.7611850137826404
-0.38147380671170306
0.43435141027920854
0.87063640682507
-0.23758943067679295
-0.4406016718896255
0.9999996305097301
0.7635742610309155
0.5960669556651106
-0.7300762065810653
0.10958104044262051
-0.8320231598702689
-0.8513218522005386
-0.8069787398895485
-0.2249241047885775
-0.809698958047042
-0.9530872933946781
-0.030779075816746326
0.4126200863848122
0.3444134142046873
0.3953131621450261
-0.8383833036531967
-0.3887695152533197
0.17506099759467353
-0.20815029342647362
-0.9204802235478022
0.8506427956697795
0.5769827832273449
0.5138630067556718
-0.8470014794523191
-0.9113786774985762
-0.45069873249382353
1.0
-0.7898935098116726
0.6097029940739345
-0.8622702645727554
0.5746830757877968
-0.04744197851618337
-0.9443682621473145
-0.9757770673513521
-0.2868844207934603
-0.6977602488805478
-0.9591740682619144
-0.9576491434296727
1.0
-0.25539645999682137
-0.1880498995831963
0.6356881362816935
-0.7221930085103869
-0.37059792220037235
-0.8531452712868217
0.5865831257454408
0.8607564833361208
-0.7059341742118869
-0.4455826470540536
0.8236999346825686
-0.296314489878867
-0.9241336355680863
0.4679055606648501
-0.704267619140583
0.8040589404081384
-0.8069847441064336
-0.9889531673513519
0.17910457594449158
-0.2601601748825775
-0.8104636951376366
-0.5061842241732739
-0.0868954721319658
-0.7458763187095463
-0.21764551596279724
-0.23599464909040757
0.3711902508973124
0.8010131089503394
-0.4486285400935641
0.5891014482613168
-0.09346685658125264
0.9999986452023439
-0.8527283323081515
0.7949508820929063
-1.0
-0.5705256278496392
0.3939881700373431
0.5769277291771371
0.37236572260912926
0.7772906019917201
0.5560185211331576
0.37859865397123316
-0.740123478371401
0.4454233093786948
-0.28561756182156706
-0.9713003386372743
0.3902601363779772
-0.47640958975793046
-0.20044993145765932
-0.6491286477525406
0.1711012935361116
0.507466760694294
0.9344458984671302
-0.5192045070473921
-0.3890794560080124
-0.8667034396212745
1.0
-0.8157459434308438
0.15782575446723857
-0.044726286614495625
0.794558360262902
-0.0316481169314341
-0.3353465182601736
1.0
0.21570431146108549
0.595488333902525
-0.4339288007795532
0.09919171303497087
0.9999992610194604
0.6037448403091756
-0.04167485122093728
-0.2308662473083093
-0.21097658608226988
-0.023265737506187878
-0.36564465880618313
0.8116063949869463
0.1706369674303332
-0.8004965257587189
0.9030155781525879
-0.050718864556062004
0.16525718910131348
0.36580517654109124
0.9999996305097301
0.3116287888877205
-0.8032463031378003
0.8009340380325916
-0.30523503188215007
-0.8628286105567827
-1.0
0.45457767714108144
0.12693575209064045
-0.03370297548549461
-0.7231027243456141
0.9999975367315344
-0.7266558659439173
0.9999986452023439
-0.7412353977568038
0.0881650149118296
0.46808291599437823
-0.9317174233567628
0.5880305422958674
-0.2727679834521196
-0.7015308970843697
-0.9832795826760895
-0.05017799238271292
0.6038300693980878
-0.5530340816383513
0.48413726821937186
0.9999992610194604
0.9999977830583808
0.8381248348175225
0.6400284153182012
0.11885894111856032
-0.03561594977593274
-0.986391321960773
-0.7725811047995503
-0.38063623385166423
-0.9296083113147459
-0.5354910223252751
0.3911541796675915
0.1736137042076702
-0.42716411133742305
-0.08451681693809321
-0.2237909397126584
0.8294357784683006
-0.2294878638566329
-0.954403025152473
-0.31892975766216847
-0.046414487657441494
-0.5372150639243964
0.8096870161984975
-0.39019968892448675
0.7904416228396536
-0.5469778589978032
0.4674198041234203
-0.6715181569809636
0.388895116157727
0.40299511118205955
0.5928238164032116
0.7653354979838685
0.8923302890387883
-0.7104323487570439
-0.06776948571199526
-0.23771006924989901
-0.3812812406993995
0.37707019588828605
-0.9997515666740093
-0.703924208725613
-0.9421555773640302
0.2282829918810212
0.8575692602683924
-0.8163318780216867
-0.45998032807246203
-0.7009567399958783
-0.027291949813322836
-0.04145069379056143
-0.11829179934168199
-0.8224373044498365
0.15776478857271314
0.13987172960152128
0.08956119547817054
0.7978294576218863
0.9999988915291904
-0.37373390928401484
-0.16486296877072493
0.8747754368279326
-0.8222536523902931
-0.12196391680687713
0.16945213529834668
-0.7426064837756506
0.2626756388523763
0.37116229280022695
-0.8604263233810676
-0.25315211451603925
-0.24193155716464987
-0.9564354987543519
-0.9816684511452632
0.9999980293852275
0.44398217416285557
0.12616795130989167
0.8208484551067108
0.8379426761144864
-0.9559437072051811
0.15209360558420482
-0.2900523687854448
-0.274497690568712
-0.9569792421750062
0.33125217079262126
-0.2827715014363338
0.5992768408027231
0.7674176988178978
-0.4524235746551962
0.4893314392695036
-0.04275043739647133
0.36036073741484786
0.9914695781399672
0.3923340852626467
-0.025386734818551582
-0.4306955761732285
-0.9412554528803913
-0.9330636457595343
0.09919171303497087
0.625915488134424
0.0655801684940791
0.7630550040383526
-0.37100177506531873
-0.7080341721605807
0.9999997536731535
-0.38147380671170306
-0.21603096664697485
0.30221183670689356
-0.536951986852263
-0.9766122770132067
-0.5794394266554976
0.8946032700154838
-0.53337335042534
0.5863763343577479
-0.14238601351177071
0.8818512986589884
0.11550840335155832
-0.24277645824837413
0.24432552041737976
0.9999980293852275
0.06653788727353116
0.6009636870480128
-0.7214886676834849
0.5798375882156312
0.5927762753218242
0.9999977830583808
1.0
0.11715201923527552
0.008105464365178339
0.581857837847749
-0.6774845934859381
-0.837233557701418
-0.03164121977973022
0.9903645559062682
-0.44607733294367147
-0.7164014640664749
0.05792396061251193
-0.8255987401758149
-0.8043432889581299
-0.036388369185054725
-0.6517079053720862
-0.9582399737665911
-0.700838164410112
-1.0
0.9999991378560371
-0.6895754851679599
0.7969303646319172
-0.6547419747229617
-0.15252926039970005
0.805912180438284
0.9999996305097301
-0.9796221524491209
0.7923489316126207
-0.6637359221265218
-0.5522656342496303
0.9999997536731535
0.4732971626825051
-0.0041767616949139885
0.5949496170890833
-0.38147380671170306
0.9999988915291904
-0.8586304159244604
-0.1782085262457347
-0.9652520985260977
-0.44314117851430634
-0.9083238859017334
-0.7545840651082515
-0.8086255580222711
-0.7239592027911269
0.9219587284706943
-0.6894942896811602
0.6462353591979924
0.8089838762149724
0.2513771190540486
0.12379705541168584
-0.18595587506053168
0.12690643919589895
-0.537465208837085
-0.6712505844438805
0.37177983420456995
0.7675026815799635
-0.659044504170233
-0.3948979424507677
0.09719363281904392
-0.07596927536222386
0.7810922873782093
0.42977785971900206
-0.7681081479653107
-0.003780175471941427
-0.031184283479348762
1.0
0.16297102963832666
0.9999998768365768
0.9993069594171842
0.7948069040510879
0.5184828667630328
0.8400897840725863
0.10958104044262051
0.7913529090085276
-0.9365944639873676
0.15559969875481383
0.8073669867941078
-0.44616440948393277
-0.15668208470597034
0.7862575150238693
0.785901449567157
0.9995260671472055
-0.9078609453844668
0.20954515498952841
0.7766574188326201
0.776895124239557
-0.5411299364968831
0.4442501777719201
-0.2253985918767768
-0.821166381084975
0.2160357442331413
-0.8117283833541945
-0.37538854829411594
-0.9320825875113702
-0.6891709549041853
-0.04102892064752739
-0.735660189865889
-0.8581794530501081
-0.9490370103360052
-0.6585875678698515
-0.03209692444587886
-0.9461671717123643
0.08103828658695789
-0.732972394479575
-0.9375644221320082
-0.35576473531723374
-0.17725825885339153
-0.8404179634058389
-0.918161471963929
0.10408228624670879
-0.4430234958633591
-0.20829223927180784
-0.6519108479028015
-0.8492344938981591
-0.05450022797770959
-0.8153922950563134
-1.0
-0.8140808663206194
0.11391565396165704
-0.1944328439948595
-0.453004536522824
0.3751286476836462
0.5728123465515449
-0.8626299171641708
0.7655914315774512
0.9993726055217942
0.17977569343796285
0.8508474932792764
-0.8484032485589914
-0.8092949358323887
-0.8325319479718527
-0.8184580635932563
0.9999981525486508
0.086323475406896
0.9203596977462056
0.7863497644279087
-0.056796302096270734
-0.7597702921175813
-0.8091825030223587
-0.8129117375251016
-0.9295238366018013
-0.7158642252141125
-0.2966387175906606
0.37598118489961396
-0.857993168372392
0.06566305747794887
0.06366583940598503
-0.438684140552526
0.8199238672881222
-0.8004287550850572
-0.8225987409069053
-0.8556264446351499
0.9389673508992877
-0.9726789068340855
-0.7507177497153942
0.5262395759979992
0.47381765130930087
-0.9506001312248927
-0.20223383048049637
-0.693967923914228
-0.8569735753681681
-0.7285270262521507
0.8484583691944247
-0.8749358059969615
0.11605906701705848
-0.3067310979847738
-0.9369001094176732
0.7939807238077028
0.2851453274693567
-0.8153048336303542
-0.4211164793456489
0.20201358849232398
-0.528744191579521
0.7896762853273704
-0.011219369401683221
0.9999998768365768
-0.9952997554600045
-0.9318514559521509
0.1728427011779159
-0.203831136917059
0.9999993841828836
-0.15976129345147905
-0.03906292450336579
-0.6525321765824106
-0.44625259449500376
-0.6551235350082937
0.5299619441398942
-0.658142516839817
0.9999987683657672
0.6935020324783168
0.5893674812556089
-0.6857734610820565
0.3816831587439431
-0.2933578287395252
0.0592839311324076
0.08070389789274346
0.12160708658228336
-0.9259454926880086
-0.9141600770865856
0.9503029428880239
-0.03835294894984853
-0.0326112549015104
0.409035784440418
-0.519507550650381
-0.7991497953068263
-0.9170611761265987
0.9999975367315344
0.7702016848377962
-0.6896715834289767
0.614544301916359
-0.8229165025389765
-0.37300533605358177
0.9324128398389908
-0.8013033385537928
-0.2422748752070525
-0.1774999054898736
0.9999985220389207
-0.8131388046913525
-0.7773014969511666
-0.823310009676367
0.4652816870952201
-0.9569180530467762
-0.8128435357794583
0.3085562309670691
-0.42199561986104595
-0.5085378156105083
0.997089278817543
-1.0
-0.4441024690330334
-0.4035407509345468
-0.4906851542421534
0.8729039686111411
0.4152791846935011
0.13259892945663543
0.7004570709911315
-0.8429819179700414
-0.016499139030996757
0.9397379844387721
-0.5866157590490968
0.9999991378560371
-0.6905479219764941
-0.8120832941538135
-0.7000288267648609
0.11089864274490635
0.27625994862342096
-0.5539636575755829
0.9990339061077649
-0.4468792499926698
-0.016932551117531114
-0.6533310145458269
0.595488333902525
-0.728581803184656
-0.9356844864298659
0.291697375261188
-0.0324043403503943
-0.8409815130445
-0.6954978291673988
0.5986159458733842
-0.4015234572245876
-0.6868362690524249
-0.10302710940506987
0.3854257256872564
-0.535516147663625
0.2564162273542663
-0.8045264021776966
0.8823908776163931
0.4374473692502838
-0.43085476489782226
0.9995260671472055
-0.756695486464455
0.11731927516409435
-0.5845800831982126
-0.9317477831406021
0.10030917477442136
-0.059757889772543815
0.5760770394125185
-0.954577655491261
-0.7965092023024857
-0.8226221419573292
0.813539198588533
0.42510035922954437
-0.36564465880618313
1.0
-0.8338245173083563
0.7957263190058987
-0.5067630306809943
-0.9582432298995942
-0.6702223546045989
-0.8126348199632767
-0.8163419928178239
0.5301069074890987
-0.6528395616960702
-0.5410944038492659
0.26992109671729336
-1.0
-0.672958953497389
-0.6423913005903794
-0.6688643854903317
0.7983961325324134
-0.810181050476629
-0.7007110597572836
-0.715317564359869
-0.9224963164143843
-0.7184719951661482
-0.22241988448466732
-1.0
-0.8402688278956705
-0.04781202302143839
0.3834925525953998
-0.9825852565750431
-0.7993067978806568
0.997089278817543
-0.8009074913113599
-0.7972620695181614
-0.23518780550447793
-0.380298704490156
0.4142069239303958
-0.7993193605498318
-0.7976375640048967
0.12067387732406498
-0.17571138783866336
-0.8620715095984317
0.9999998768365768
0.08541760842864643
-0.03535933878352171
-0.9333052308143047
-0.54933828600503
-0.7249627999457519
-0.6656839056200281
-0.5537123426103732
0.45739011391175843
-0.6911419699578458
0.36213897092021385
0.8931073270762833
-0.7779767404193179
-0.9433496775436188
0.793580196355185
0.08224331752036274
-0.030409092893202927
-0.7123853203691932
0.41153674091361125
0.47989404196041163
-0.9420708101379555
-0.3887695152533197
0.9062529287335925
-0.10022120029582704
0.9999992610194604
0.9993069594171842
-0.06023083731795209
-0.8567449070774145
-0.6628621084291817
0.18338044051062208
-0.9446477661410284
0.9999985220389207
-0.6620635475834677
0.11605906701705848
0.7126190895500992
-0.8021349071969466
0.05412227522602264
-0.8243166243348625
1.0
-0.6583991586230837
0.7759580969152167
1.0
-0.1874181328034641
-0.8337431524718497
0.5868120865493247
0.35349671667183946
0.48402223358202523
0.08611508289470038
0.9999995073463068
0.2032803243007939
0.800168577356885
0.9999977830583808
-0.9882395892677035
-0.8630254411026176
0.9999987683657672
0.7894968362196466
-0.7308904707632479
0.2312629309073635
0.5826915310599545
0.3809988627641805
-0.03685164840173527
-0.585245873873627
-0.7993364186839566
-0.7363576027502314
0.5667596032777045
-0.8619119359881401
0.9999992610194604
0.3527597067469115
0.3779179297307458
-0.7512312796087744
-0.9832056384358356
-0.5027475335916849
0.47678478133962177
-0.24772719679238608
-0.42506466762413386
-0.9248361905253506
0.24644122170254223
-0.5453762418414256
0.14490110799129963
-0.9328490488898908
-0.930496196433196
-0.20980708779648216
0.6044239634251605
0.9999977830583808
0.3858745332017013
0.34458658197782377
-0.6535164678704358
0.05173401328513383
-0.787659910339572
0.41211659431042946
0.9903645559062682
-0.9168281355343185
-0.2978348191758775
0.45553527275711003
0.7987584793237132
-0.025638727182589527
-0.2905860358985318
-0.5467801817034332
0.35680094499168713
-0.7518111637964486
0.7925910709027959
0.9999997536731535
-0.8264119112826158
-0.8362064517283739
1.0
-0.817863076490802
-0.699348533596355
-0.9372532728362245
-0.24183222586377184
-0.030606647024149503
-1.0
0.8701101295173801
-0.9248205333751658
0.09561824947182584
-0.449903897341664
-0.8094271979535671
-0.5488308527011023
0.7735427390212055
-0.4623042987063969
-0.7263670169254619
-0.8506321832164352
-0.5415776355405184
0.4352427439735107
-0.7551189330647156
0.17220804005773638
0.17596033691148905
-0.28714965322550123
0.20753574373865935
0.5438396291851999
0.9999998768365768
0.2110265646447813
0.3509411988021318
0.8101028159155024
-0.41214463977656823
0.30476981784506685
0.9999993841828836
0.60776427862803
-0.29368211803303046
0.37954984508925116
-0.5219234011980853
-0.8032159741448168
0.8061899139577882
0.9999991378560371
1.0
-0.8176258021558466
-0.4113140872316565
-0.66834010958827
-0.36564465880618313
-0.5483518085662413
0.28097230436166787
-0.932160827076011
-0.6551943847675374
-0.9694019592124953
0.997089278817543
0.9999990146926137
-0.940701209777902
-1.0
0.17303385081085176
-0.301100558925949
-0.17487874151555582
-0.7184330755243906
0.8561334210797544
0.2502542381239736
0.9257829527636443
0.5753438475537123
-0.7030580003696608
0.10976048955034434
0.5840208338874524
-0.39716100877188887
-0.7185010309431872
-0.41039485702198064
0.3456890177796337
0.4356167912900224
0.5741598775656889
0.9993069594171842
0.7457733283003396
-0.9574366942222228
-0.7035160759317076
0.12772338218253787
0.18577128888339978
-0.9863597228449869
0.34960438300581376
-0.443917600734685
-0.9972955263617449
0.4525543484233814
0.8612201936247827
-0.9415278287909825
-0.762286797972964
-0.1793324540649076
0.1047816081641122
-0.9138295064584929
-0.06331041555373074
0.08964186752042114
-0.9550398724234157
0.2771132248199286
0.038017179670636114
-0.8044744887947826
-0.9700303466958012
0.9999991378560371
-0.6880281214995385
-0.32786594142020853
1.0
0.4111317795778553
0.1634517364794017
-0.03471679520425208
0.2843831922060789
-0.13059594849111889
-0.1541309391377892
0.7957717663090902
-0.2363266976795797
0.7628772792185545
-0.3717698837546257
-0.793645344802588
-0.01516059894675259
-0.291928024558628
0.9999996305097301
-0.8626769040101534
-0.4077212254293442
0.7802005841936375
-0.2680248984397635
-0.6572985086909114
-0.8150133981800098
0.9999995073463068
-0.8375203591279614
-0.8369813498013895
0.381139022739877
-0.2555380979335973
0.3458800442491463
-0.4011894996023546
-0.8604213968441362
-0.9989863061388657
-0.7010788565300636
0.7953122435768198
-0.7989869424703898
-0.39222197075308884
-0.8009926896094162
-0.2734272772569557
0.9999998768365768
0.49639584690219407
0.9999998768365768
-1.0
-0.5537082782174048
0.9139773691516588
0.41485500986371315
0.37254036834334503
0.3806111443076843
0.3859970808078683
-0.8610805212992654
-0.9095835552087924
-0.7149744002717456
0.9999988915291904
0.2034523836031208
0.5891659858951173
-0.6627880872117884
-0.8136523345847326
-0.8026238351965259
-0.8598301200398084
-0.16477909447946892
-0.9097409426683207
-0.8598689165181427
0.5347310782162746
-0.649151463776704
-0.20328355233714102
-0.029458887082571272
0.6045010637281358
-0.7088851390429017
-0.9911973588778548
0.40581629255578955
0.10958104044262051
-0.21149381087834862
-0.7437313045296423
-0.7430013457106972
-0.5581248262037808
0.9999988915291904
0.29175723268490383
-0.0719395528975253
-0.5397141729462402
0.6004789158139692
0.20067689585942894
-0.9850669533679203
0.11938805118498608
0.43896572793252187
-0.06317764538343118
-0.9299519372657066
-1.0
-0.7545023769677588
0.9999983988754972
-0.8172997577835595
0.42616670814833224
0.9993069594171842
-0.23138254837871342
0.47633117045166884
-0.03376782102785336
-0.6722261003379968
-0.6528592370529397
0.7830822388081995
-0.5425763677399236
-0.8271237342874823
-0.9306250715602342
0.17601847004727889
-0.24336967487661876
0.8852119358266999
-0.6658969475514526
-0.28559206699294737
-0.7963436398707369
-0.9293946073799212
-0.02887484612936131
-0.7699083353508769
-0.251603026559692
-0.012298034662799329
1.0
-0.6510345093552842
0.6114307305757543
-0.07768802093414395
0.45058151670922775
0.09913382622602773
0.7863374480855803
0.3622653365925026
-0.9198738130378384
0.23272857564443616
-0.043601742978206404
-0.20905887000003542
-0.9388812700583266
0.5833766891836802
-0.8022382105182255
-0.38147380671170306
0.9999987683657672
0.7914476216810327
-0.05446900604990723
0.23968755538679587
0.19748425360107613
-0.43750115587188876
0.9960863590617461
0.09806328975084821
-0.8252085892417089
-0.04118576926707884
-0.2140525925787733
0.9999993841828836
-0.6568269467340151
-0.5118720342239254
0.8113231191133945
-0.6557294682599923
0.2900711254201538
-0.07536854576515895
-0.6514418415869383
0.4900701734823576
0.16001227472078905
-0.25062609428620797
-0.6577851273763042
-0.07197126747902083
0.7871274182825201
-0.8064722611021513
-0.8111050532689571
-0.5198880640466151
-0.7080495060067795
0.8990754570783279
-0.8096496003051611
0.8688702433351858
0.07190177752094717
-0.9644967141579586
-0.6726170210434983
-0.6922339676595324
0.7775512157953877
0.9993069594171842
-0.44825196792687516
-0.9644780625970452
-0.0467081708402608
0.9990339061077649
-0.2960315219138733
-0.6955105765817087
0.4658637574336577
-0.17109824023787124
-0.531615377303104
1.0
-0.4585305098352812
-0.9586530330974279
-0.0441362722352564
0.12705731438942114
-0.8616487357525834
-0.8684539305655459
-0.9089405805575413
-0.9197261400933215
0.9999993841828836
-0.9262310470848912
-0.3887695152533197
-0.9762119881898217
-0.9382104989619832
0.9999991378560371
0.9999983988754972
0.2641064283406598
-0.7573133049865004
0.5831383679596267
0.16530054262630922
0.8107654351327671
0.595488333902525
-0.686885749957729
0.6117218889083962
-0.06698093189442322
-0.2466373236597511
-0.7242519930391274
-0.04240859731514823
0.8234632145830179
-0.4003405957073737
-0.5288271421451024
1.0
-0.18431773994915057
0.16835142378446277
0.8015409873825321
-0.058124681198094
-0.8457232124683441
-0.26765590082360635
-0.8116793797071555
-0.23913993501250796
-0.8610270221872767
-0.2802008344655623
0.15274686438130014
-0.815806909325369
-0.9612873139763253
-0.8432368508608101
-0.6616842350306107
0.3519303242545211
0.7638736713129175
0.5872409415891975
0.8552413484049126
1.0
0.3725783026777165
0.5899892102163438
-0.6551441032999821
0.4471600368104143
-0.9817919917565304
0.389503912959017
-0.8598271487222217
0.9999993841828836
-0.9640091178628936
0.09919171303497087
-0.9371582753483032
0.7742335626624022
-0.3000156123302453
-0.8148459421106281
0.11605906701705848
0.9999995073463068
0.11658866973717719
-0.032918301315756016
-0.7058446959848714
0.7904791876837551
-0.23289487205321047
0.556358575344843
0.9999988915291904
-0.6532840276998442
1.0
-0.061835348814776925
-0.07168017072809041
0.8359955855557988
0.5848326040103136
-0.6617573941040411
-0.8884661393977523
-0.1845545832121246
-0.4029668709637576
0.6067810650199585
-0.5193030377860188
-0.04049574618813345
-0.6675965104201963
0.35047428626446453
0.9135086091626421
-0.04662614400035403
0.9999988915291904
0.1636717063533859
-0.8248194236149891
-0.8015067429473453
0.11658866973717719
-0.370636657096995
-0.24172796802596241
-0.8339000626731128
-0.8205944101472468
-0.8146882313471138
-0.9722737530554808
-0.9687667592523389
-0.49279808435029215
1.0
0.3531508737792597
-0.8069531834792172
-0.2914861141958871
0.9999977830583808
0.5878324955112277
-0.1201133247903321
0.8091899286221256
0.7919736526618761
-0.5563793233781522
0.999998275712074
0.9999981525486508
0.28569500582747076
-0.5345427255477044
-0.16946429268288177
-0.2960579404681676
0.9999992610194604
-0.5358988780014782
-0.029264412037206755
1.0
0.1516847030189039
0.08937805146774802
-0.9860035419225651
-0.8790029855377661
0.43165918100965617
-0.8241568043977243
0.09037259611076154
0.28856298930204827
-0.44612395029938423
-0.46185844711411084
-0.23913088250089654
0.9862531145102211
-0.9597546452438446
-0.08571199479763547
-0.5340662062630208
-0.8237598948707656
-0.7993564943219518
0.8892431978341895
-0.7909694038957649
-0.0260701686543513
-0.8395738782797938
0.9995260671472055
-0.9790136173701054
-0.7982289947635037
0.7799692832847112
-0.8478584197606692
-0.7285374951431298
-0.7017075750150698
-0.8293215239942633
0.3128663349648724
0.1467654327295409
-0.5441141862430404
0.4581204730118291
0.9999998768365768
0.9999996305097301
-0.514483776196362
-0.29827599055807874
0.5728123465515449
0.5985507924224673
0.5702265304797096
0.6369865250899474
-0.8649116427439194
0.8859523943274796
-0.676337018289495
-0.6665637235342532
-1.0
0.7790902659327374
-0.8598068267573798
0.6591427627946713
0.9999983988754972
0.36386818538311294
0.4232636230981186
-0.38479435418513575
0.582446189520774
0.5813863682634202
0.5812744127116556
0.8013244660843999
0.9999987683657672
-0.7298662745260788
-0.5437931607802522
-0.7520628174610724
-0.0457888790488733
-0.972236234397663
-1.0
-0.038767147542350666
-0.823583986711461
0.5528235387697624
0.12467508745627343
0.5789359087937733
-0.9284528382637846
0.36094219193616883
0.997089278817543
-0.70688856757891
0.3467612785427392
0.23497519964854896
-0.5642486347728556
0.43089642992926214
-0.5453627554465761
-0.5473933508062498
-0.38147380671170306
0.9463639302845737
-0.6640018935391023
-0.1808532760156112
-0.7372430861819276
-0.4523115575217199
-0.17182176376794978
0.0591629846507431
0.78097565161636
-0.03511097974047073
0.42326165248334613
-0.20997502112412914
-0.7080158823922231
-0.20846442173755797
-0.9614791641012311
0.38099960174472014
-0.21578722623229696
-0.426102257883585
-0.927472549787016
-0.34456764059797995
0.9866907141531471
-0.7426197546345095
0.9999990146926137
-0.05231795686226226
-0.7769118078798978
-1.0
0.17947295774353234
-0.7243997891470675
0.602538208251268
0.4222038018407648
0.14361515868879748
-0.8097778750105108
-0.9385267595398331
-0.07789481232183681
-0.5161486377705956
-0.7137391942996363
0.3758713231260451
-0.8552153559190856
-0.982319562280165
-0.6668660589475581
-0.048274563257579284
-0.8658507330555997
-0.025490931074649392
-0.5483514390759716
0.25696836898084596
0.6970555435668899
0.7920315394708193
-0.7545394799490229
0.5903562372177282
-0.2450783826295413
-0.4314621453197445
-0.64873138413074
-0.9273454759250433
0.613093313626657
-0.1646373949609813
0.06570505620528855
-0.6650203934679445
0.8140439222971485
-0.7966959488430392
-0.6818929511046659
0.2890771965942567
-0.7089680896084831
0.01565217996344659
0.3827952012927691
-0.9802681907905261
-0.8620376396570287
-0.19653007076652962
-0.5361832007641278
0.18836806649990745
0.181121992817874
-0.7513256227910096
-0.03225001658102011
-1.0
-0.8626733476663061
0.10925724380280832
-0.6590230737345817
0.19515929765975515
1.0
0.9999993841828836
0.42662783200510535
-0.2794205325973502
-0.28924139922483516
-0.7792104992212037
0.11753062359844879
-0.954559781399457
-0.8148719449883688
0.46218954619026653
-0.6528479060179976
-0.7259166698682261
-0.7184942569549067
0.44799828706928113
0.3766731170116202
-0.6795528460622808
0.8783114587103997
-0.8525028200801196
-0.6666433178965501
-0.6819480359457293
0.8088609591185356
-0.8096806682786843
0.9999987683657672
0.7910607653684993
-0.9762192009477977
-0.7846219613408631
-0.703762833850256
-0.9464408947228977
-0.6858650022964119
-0.15589359247010992
0.14592545818274782
-0.740293813385802
0.7914673278287581
0.9999998768365768
-0.2265622398999586
0.9999998768365768
0.542510326357702
-0.3868609748461198
-0.012071290800534595
0.0018551669603914522
-0.10242952047529874
-0.9500348957868754
-0.5355657825232081
-0.8389093038431844
0.9999992610194604
-0.9149841943426309
0.08889057063839223
0.6233143997981014
0.4023954284740925
-0.8502453269039019
0.957708759530056
0.3038087736531865
0.09423721800654872
-0.9086632473191629
0.4463626768080775
1.0
-0.9612795854715143
0.6278214421097348
-0.8341944694410439
0.5471730472363656
0.8122245522084057
0.48557741812782496
-0.44720119918113266
0.9999986452023439
-1.0
-1.0
0.5471122045052637
1.0
0.9999993841828836
0.5846436713189966
0.4449918679069329
-0.25838705265927775
-0.698748666143253
-0.052120402731315685
0.48157374472715087
0.9999993841828836
0.6053752777066015
0.1205056360878598
0.9999986452023439
-0.8292181436958448
0.9999995073463068
-0.07807783316883599
0.09457948915985348
-0.8196042532011877
0.4144331751389674
0.8244110802886071
-0.7112693057999664
0.10066154532843519
0.7987560160552474
0.2777185730453666
-0.9279893281156852
0.9649411620721049
-0.24603105170863848
0.41818054545578875
-0.9801335423780215
0.2062855118289093
0.9993803648174611
0.2781012418015081
-0.040392719984556846
-0.690961443170168
-0.8132457875199021
0.9999990146926137
-0.03301535409330336
-0.3997423293787744
-0.18325557858675434
0.43258216770374225
0.782496227240217
-0.5168843544795791
-0.7493631983861232
-0.8611811612115159
-0.5343056359578838
0.1020956602291474
0.382617845963241
0.7687612886024966
-0.7021460675928146
0.5399633067642009
-0.28059243256989197
-0.4463188564167302
-0.005733547365216363
0.3827965560904254
0.9999977830583808
-0.4482260420262739
-0.3717698837546257
-0.20605805477344652
-0.16972256638150718
-0.781904114079268
-0.9314468025249533
0.6811747286053025
0.378563306068751
-0.15029396743052925
-0.519869343206276
0.004694330193920848
-0.688784314127643
0.7979271262165502
0.40283733883683337
0.43384422330212735
-0.7928106662829962
0.16896662508376337
-0.653523826884977
0.7984981118468919
0.2725303138395525
-0.9952796413334396
-0.8099140783612343
-0.8330372567067287
0.39758146291163676
-0.9588288796750208
0.9999998768365768
-0.810452641220397
-0.7402362036945612
-0.4551721511909006
-0.9162854313050481
0.8295160810202815
0.9999986452023439
0.9999992610194604
0.4355593971347722
0.399845576121856
0.4410351197705298
0.11200822202526672
0.9999998768365768
-0.7346721113025978
0.12248105423390254
0.5363345428240014
0.47028261473422006
0.6370586988559914
0.9999992610194604
-0.541089908384316
-0.7860321825374583
0.3568309968669683
0.8032756210360559
-0.43330996615926565
0.9903645559062682
0.9914695781399672
-0.20650901764779883
-0.6905877037622146
0.8237462441297232
0.431284887366298
-0.15169636774974593
-0.6678572473872872
0.43884823002670936
0.5769827832273449
-0.23891103579033568
-0.03531346040834871
-0.7922731195220757
0.44317286730846006
-0.9434952336167979
-0.15230664251211523
0.11690335228366622
-0.02959904705826788
0.6020991306472627
-0.37787490990164996
0.48094142371201376
-0.9345473647289738
1.0
0.5844544923008335
0.15419354195118706
-0.8029869517592212
0.4289202728026795
-0.2418376450543963
-0.04158943738689025
0.9123189736571475
0.8049875926196954
-0.8405576307278422
0.36633219282932106
-0.8420410879750073
-0.15253344795609158
0.3817371043233413
0.7834851063657595
-0.8203831694808879
-0.9104005289862872
-0.5708967192439922
-0.5719151575911228
0.057520846728105424
-0.9181173948538215
0.9999996305097301
-0.2341787275775169
-0.9075658612177077
0.4866523884862426
-0.8329130156034915
-0.7022426585075245
-0.19695855631613257
-0.9447926217222375
-0.5122778577036443
-0.9525803835352994
0.9999997536731535
-0.8600472879459129
0.19282091690529612
0.4797833180428799
0.607727329601045
-0.7370423298019756
-0.963239015465672
0.5864045387816799
0.591034005536057
-0.044125680180854054
-0.9197115452276625
-0.17121025737134754
0.5514900483858729
-0.1245958575807321
0.3998160169002678
-0.7357202628255956
-0.856034300311353
-0.6622354529315156
0.4101286134952118
0.36784291537931546
-0.5806819608512923
-0.3673267632596764
0.6406010020730457
0.4277170893206239
0.9999990146926137
-0.9599512602536886
0.9993726055217942
-0.2412728791769302
-0.6567474447442856
-0.3887695152533197
-0.3766387802038659
0.9999990146926137
0.16537702711216817
-0.8128564217526194
0.9999998768365768
0.8327242418699679
-0.1948434708480865
-0.13521476160938195
0.5964683452615913
-0.9464947171388726
-0.7456349183999108
-0.9700626155127015
0.595488333902525
-0.8409873325162501
-0.16851088462324482
0.37467959384235483
-0.6540130627931146
-0.9752273735978102
-0.8376031865301196
0.4684548695326942
0.21204217023317629
-0.15727499342565676
-0.0382687051683227
-0.9859610351461044
0.10958104044262051
-0.643499986935921
-0.9829668399535171
0.805677554116929
0.7674998488212279
0.5358661523252546
-0.741932995386281
0.6097029940739345
0.599634014730245
-0.678620221830323
0.9999980293852275
0.9999991378560371
0.7918822654017998
0.859265220607005
-0.9532654492864575
0.9901671249387449
0.36906050898189546
0.1374842066411721
0.21511140274139917
-0.07617649782189828
0.9903645559062682
-0.699224600401676
-0.9602983963622129
0.38079761373053533
-0.7080732149657616
0.09561824947182584
-0.7222187804567088
-0.7324716735822163
-0.6869904080766641
0.938141786473019
-0.8221406037631469
0.16848173068629668
-0.8119263531616947
0.42876939760915733
0.9123805553687891
0.5929004240524938
0.5986617626668456
-0.38607346791764563
0.9369108912207247
-0.8405249924206721
0.3968104598818827
0.8410300136459319
0.11490293196269707
-0.3717698837546257
-0.8084307596729204
0.8590734551569528
0.13202757433602352
-0.8319541421669464
-0.006657519366688569
0.2941209851045592
0.09407217901934906
-0.8124532924727849
-0.9493085856843451
0.08771743903161777
-0.23057515055737898
0.5863890201903461
0.17943182116015555
-0.7178090064586136
0.5817129976619677
-0.8156063684814079
-0.21490322076168022
-0.9818352606066727
0.35534650812613333
0.9990339061077649
0.8416825334624876
0.28692429995526236
-0.6541303451629362
-0.8733142671568679
0.18889594493210016
0.09561824947182584
0.25111096289633306
0.7884935469735799
-0.7988034289696975
-0.4031205789160154
-0.8662450869415252
-0.04147452591296674
0.4236756047490018
-0.9834665832412035
-0.917457823931283
-0.05144805360361149
0.5435997068366438
-0.8240732072241708
-0.8249279767771855
-0.9091957597751567
-0.9303068018790419
0.9999998768365768
-0.8613982829313366
-0.7990762359522703
0.6055709843861989
0.04136611631313558
-0.7222322360607026
-0.29211227703986
-0.43273510088109024
0.9990339061077649
0.3972585284157877
0.26756017705637336
0.4063564873303105
-0.058568500593895845
0.9999997536731535
-0.8189732715882788
-0.541845331241025
-0.7269200206960045
0.19837681892961112
-0.43395792892915963
-0.20102972327276603
-0.39127977056497076
-0.44772926235846033
0.590430874252238
-0.790923156030322
0.5875052502955638
-0.021427277086836227
0.8209636129074809
-0.6602351865648255
-0.6981362360209762
-0.07196233813083275
0.3485259640715441
-0.7870277740695698
-0.40978926246969616
-0.9729284590227997
0.25125247766968584
-0.8241780346928128
-0.43759980977393875
0.2201468161389184
0.7843742231184425
-0.9768259116686058
-0.7994047743838788
0.3830629585749874
-0.8021905770642707
-0.9416730692578895
-0.6925734060541016
-0.4716669358175558
0.9999998768365768
-0.6904423401318843
0.6726052639400888
-0.36564465880618313
-0.7168644045837413
-0.8190354075353252
-0.7754009005847684
-0.19815404208423315
-0.16992338434317078
0.800026446766416
-0.9573954652662786
0.8529482917902218
-0.8191542602387938
0.9999995073463068
0.9999998768365768
0.44982098257045244
0.4429405810921476
-0.03506547085556744
-0.9675613434332362
0.9619439801665028
0.7782956155257128
-0.9780428971517832
-0.6444204487798296
-0.07273506544851294
-0.4558514590520203
0.2557061902190374
-0.9783963222926089
-0.7704391697052284
0.9999987683657672
-0.19747886019779348
-0.4308026667697734
-0.20931640471812107
0.12246701360364809
0.8568184560400567
-0.20945619520354775
-1.0
-0.5630600153656031
-0.812945361139658
-0.19198872744151174
-0.8323057737404206
0.5846186691440702
-0.3717698837546257
0.9443151067382538
0.10527820308679092
-0.5419506975496439
-0.7227596834209138
-0.8007745363959253
0.4427632257626195
1.0
0.7634139022538005
-0.7295334561655111
0.5895530885344971
0.793607538635154
-0.7502413228032782
0.9993803648174611
-0.737886183996602
0.3533400527974231
-0.19546803256755674
0.5718570910405587
-0.9301246585714337
0.5645266504135762
0.561002698546591
-0.9359540911634333
-0.3933654815565638
-0.04502680536730719
0.6097029940739345
-0.043089506300770575
-0.5537580978221228
-0.6663171811516957
-0.7920565982239435
-0.656022227717137
-0.7173376292468521
-0.8181369303624727
0.39580864859689524
-0.8299107532066791
0.22851995830741845
0.8573938755536368
-0.020586440396080374
0.5839109721138838
0.9999993841828836
0.13652759633252987
-0.9297101520703733
-0.9452319610485175
-0.7987689124203223
0.5241597152690123
0.8480408451894941
-0.7864434867895133
0.7669134677629754
0.7610846355926644
-0.38147380671170306
0.6096859975215212
0.7262197800564407
-0.690068231233661
-0.7410870474134589
-0.9422373424816625
0.38342173362701204
1.0
-0.5260485137341169
0.07515674047148146
-0.024224687919872534
-0.2922727589803983
0.6175183290983837
0.29200479116570355
0.8325264414121747
-0.4089545839501044
0.8045881736379872
-0.2472350973346572
-1.0
-0.7229002128868802
-0.6730988671462389
-0.9455124118610477
-0.8196767810620736
-0.05762870209253168
0.607196248919847
0.8086263327971808
0.6119490022609309
-0.8021317665296528
-0.3258624420136572
0.7724707245849467
-0.4443496580235633
-0.9091060968030064
-0.8351885368257923
0.8623803930721126
-0.9296637040643676
0.8044513390747194
-0.43243649116133964
-0.7600430683092984
0.9999977830583808
-0.40362136139508575
0.4511717158336017
-0.8356187466633213
-0.8256605836097312
-0.8312633801074614
0.3542866868687795
0.9999988915291904
-0.027929197365391234
-0.2807869691969681
-0.03677627238668579
0.9999988915291904
-0.6999657670921398
-0.17707289790134995
0.17830265889549324
-0.17219384046968889
-0.694295507829306
-1.0
-0.7151577906090146
-0.5482981708954014
0.3818783727698474
-0.957079320154138
-0.03206736522429088
0.9999998768365768
0.8313976486377823
0.9999992610194604
-0.41870580166172255
0.059421012022522035
-0.9641316269804907
0.7937844013109889
-0.24055686861567205
0.7852580438439245
-0.8098688158031777
-0.03779101583111788
-0.9483490271512579
0.001962811792341146
-0.42489427102802124
-0.6673367587604916
-0.7743440968312851
0.21643885811754782
-0.23392901373680974
-0.8051133374713537
0.09088236951973161
-0.6928824538739755
-0.8049125810914017
0.9999992610194604
-0.5725321139692052
-0.2139977232737006
0.595488333902525
0.9999975367315344
0.44687651461001576
0.35897440992236973
0.3875446292214244
0.5817386156540107
-0.8284816726108937
0.597475575737203
-0.6750559955239241
-0.8025965852891245
-0.9736282043144704
-0.19740847230138692
0.3033413684618258
0.7722096181275859
0.09833942214584956
0.8448206143243258
0.5886611390230785
0.5882661539246086
-0.04921288379786404
-0.5649244324764118
-0.807674582440244
0.7362369075989277
-0.4455957639586332
0.5986159458733842
-0.4137455179524061
-0.9879920923686155
0.3627864410364148
-0.858236724041935
-0.04985505788686373
0.3757123191465863
0.829869190554835
0.3893942975122948
-0.6918093617577628
-0.42612787587562795
-0.0012980630025106743
-0.6616037169426392
-0.8546777937627372
0.997089278817543
1.0
0.9903645559062682
0.26836073930771565
0.11058346754472415
0.37301479384983294
-0.06265795731888679
0.1654693996796308
-0.9617375532655658
-0.8885986786366332
-0.8144617030208396
-0.44015600504247443
1.0
-0.16491001719841913
0.9999998768365768
-0.8243275858795347
0.42069184765653755
0.8370780688830368
0.807560969185779
-0.5294329830242335
0.8161220587382096
-0.7470314992473772
-0.5041648982668305
-0.965359812637473
-0.23932480331085637
0.9052120746434245
0.7668542261563762
0.9993803648174611
0.4891480489322346
0.7676988809132539
-0.5359038661201212
-0.9176743144385594
0.1707084022158376
0.6103709093184004
0.7660153600803927
0.11605906701705848
0.9999977830583808
0.9999983988754972
0.5933629027069232
0.8651388842633914
-0.6465760550141361
0.9490155156244424
0.9999991378560371
0.9999996305097301
0.5167838273388381
-0.4279805616703688
0.9914695781399672
-0.8586578813678526
-0.6691816236778539
-0.5409563992334768
0.45271753995923203
-1.0
-0.8219649881169726
0.18667149034417818
0.10958104044262051
-0.767211241126105
-0.03694685372793338
-0.8021692390011868
0.11605906701705848
-0.1930132623780949
-0.16979153789854584
-0.21010631333334928
0.25386243377248463
-0.5540892226856204
-0.66850065311052
0.5969835378611859
0.41588576455317194
0.7918902710243132
1.0
-0.8123760074246745
-0.6499896524538593
0.7991257526519442
0.16387812825080905
-0.8000417448182449
-0.7061484785684
-0.958522549148173
0.4079026809462105
0.9903645559062682
0.5995075258945328
0.7649007310996778
-0.030029133732373592
-0.9391835054013501
0.7949942356179021
-0.6464185905774682
0.013893529442382757
-0.6613913216191869
0.8336225958793972
0.11658866973717719
-0.6987357339838083
-0.3051712948106009
-0.7207879293867138
-0.053654403168310716
0.8932862835303141
-0.7400560156062976
-0.16383048979334003
0.7971369096927636
0.7970392410981
-0.15661452956829935
0.7653983113297429
0.9999990146926137
0.20492270855027828
-0.055681180461862656
-0.8187993494391747
0.0374390505617439
0.3769890311923423
-0.8156463196168354
-0.8114321137394862
0.9999998768365768
-0.03792058375241203
0.2909591337020272
0.29373782369472456
0.1721773723653388
-0.9715727761295772
-0.9411462608079366
0.9999981525486508
-0.3629255183286434
-0.7880045523887748
-0.19511307558165392
0.37563608098757384
-0.8230744904201934
-0.046714390593136534
1.0
-0.5388429148899334
-0.9993526788345641
0.35968925043110667
0.5896163945340649
0.5755531022098708
0.8537683138624428
0.5509976410195856
0.9960863590617461
0.5847248360149404
-0.51453396529135
0.9960863590617461
1.0
0.7402176726028711
0.9999991378560371
0.41570582279175494
-0.4039035903795397
-0.7911082398646612
0.7894353776714282
0.7626206066444319
-0.22304327615161634
0.8017947040344959
-0.5699801678387728
-0.5282862699717532
0.595488333902525
0.3563789871035181
-0.8032235179044929
-0.3676053589231435
0.39421171165060254
-0.5611819886965217
0.8594869147689153
-0.23373429236459864
-0.6520162757931321
-0.9263277457675966
0.6010082722072414
0.25358014320631916
-0.17449176203959937
-0.342706887599014
-0.5360240736212457
0.6020044179747577
-0.9776391597525461
-0.8332700047858785
-0.04439750185604052
-0.020120266838952627
0.11605906701705848
-0.24225584645815512
0.811030852309943
0.41113375019262777
0.09561824947182584
0.9999992610194604
-0.9481328368548257
-0.8662934747714477
-0.7014542586442316
1.0
-0.9185230951701171
-0.8603042992194495
0.07888218769895827
0.1601084653543734
0.6097029940739345
-0.3648918839630748
-0.8087641938506045
-0.7467554284340876
0.6097029940739345
-0.7999338536594486
-0.36508580477303454
-0.8083232533998219
0.8089368277872782
0.9999979062218043
0.6202941863323455
0.9993803648174611
-0.02361921653101129
0.8337201413106377
0.22057271525663258
0.4516678181025875
1.0
-0.4033457832354891
-0.7218945219540595
-0.19581886357877953
-0.7254196438735658
-0.9280249223450142
0.3754198060162881
-0.38147380671170306
-0.34883334418168954
-0.2984963915040444
0.5321870145449323
-0.24444821697431163
0.40171187147486953
0.3843078944575362
0.9256700119044934
0.3908593264322511
0.8052666809368556
-0.13671132036569877
0.07385576523133874
1.0
0.07979876989503354
-0.24011994637157408
0.6097029940739345
0.7897456263346792
0.4592605968211636
-0.7630107525750239
-0.06635827920801385
-1.0
-0.2154742679737338
-0.7541098243468987
-0.2369555085371532
-0.9536378185013271
-0.44403084950239413
0.9999988915291904
-0.4426216751948969
-0.28325516419956787
-0.2575877836238799
-0.8385400906910365
0.715931200329037
0.7884817232849446
-0.13059576374598392
-0.28754870271693944
-0.36564465880618313
0.21331629584704337
-0.7302382588552505
0.999998275712074
0.5092500439000145
-0.8831488665060488
0.32469224054169965
-0.3004281482165332
-0.1049217939271504
-0.943864762375218
-0.99253950149223
-1.0
0.7798042442975113
-0.859722937070696
-0.9797376951355886
0.406541355628659
0.9999991378560371
0.5866447074570824
0.4718527020542371
-0.3098264411387327
0.28742545192460267
-0.6462301813307003
0.8986674166569901
-0.03740606855164563
-0.6616227764823923
1.0
-1.0
-0.027493568337237817
-0.5320382589169477
-0.5305656554464595
0.3777244399927675
0.780290370329211
-0.818389030494506
0.49140982203741124
0.5986159458733842
0.38153782590446883
0.9995260671472055
0.29406174349796
-0.05736143746400668
-0.963031923867135
-0.30083193949976783
0.5615379667841807
0.5003085025330616
0.23834827632201194
0.2089917817287159
0.09615487250707155
-0.6604077077299897
-0.8601942219098899
0.38803863771221425
0.7875007266184921
0.47141140750861266
0.997089278817543
-0.85629160409802
-0.9745868160287411
-0.1820761040636807
-0.8397810083669006
0.9999997536731535
-0.6524254862669914
0.48091297296123536
-0.29816311128063944
-0.9947129125389149
-0.19910554111080914
-0.9651459470506553
-0.8484367336146965
0.9999997536731535
-0.6898427497964847
-0.25361557847785476
0.12082598415182
0.7780893167917129
0.609027935350918
-0.5500835478793179
-0.02222512974286628
0.9999977830583808
-0.6479394125281719
0.381543614585363
-0.9567151567023447
0.43270816388576105
0.9999995073463068
-0.7770235478956717
0.5948669744320603
0.8391328042736741
-0.758541613806906
0.23072544572815468
0.1015698755751504
0.8111064746518388
-0.09408649176379158
0.8757941215019098
0.37859274212691574
-0.25021602166838586
-0.2780670281571771
0.9999997536731535
-0.8117937985273859
-0.9992359814910031
0.11829078824695394
0.8405319407621739
-0.11712316319985727
0.17033977408995038
-0.4479752812964689
0.7851196081561538
-0.9562074154898588
-0.7152925313940868
-0.3744392046274473
0.8577180416837189
-0.8447136264922621
-0.2445743979014655
-0.06944013596712328
-0.6884667372407067
-0.8668997159317046
0.4340645626663815
-0.44885608451808034
-0.6551975870165428
0.9999997536731535
-0.5360790045080301
0.8755283348344642
0.13083375127413732
-0.03213855368294871
0.5994519791906321
-0.928203201400217
-0.4517548588484789
-0.5660127968571115
-0.7992339775066406
-0.432815403433071
-0.8546644921130226
1.0
-0.7695126728535789
0.9999996305097301
-0.221215592531802
0.4543969963991248
0.9999993841828836
-0.17517802863413456
0.48562471288236586
0.786937869774087
0.2029817761627548
-0.16054627552977596
-0.6967140371814668
0.9999977830583808
-0.7082538649168626
-0.675777887138644
-0.38147380671170306
-0.7363846063307863
0.3717404219091194
-0.6914766973514743
-0.716188822416176
0.9995260671472055
-0.8100501431531066
-0.37817930830229485
0.48573124924350597
-0.6544932769804966
0.21170076122383463
-0.33906623838846783
0.9999979062218043
-0.9448863490873562
-0.8600229323789585
-0.3663402242391762
-0.8630321227183307
-0.3711131147999669
0.12948868352845921
-0.47682187931737163
-0.38186577430630253
-0.04375809894406468
0.3584290422840706
0.8210965062412037
0.1988514907629455
0.18520744673160827
0.9999990146926137
0.1945355980842478
0.4390407344573015
-0.5381949521200393
-0.8029048633376028
-0.31304728782101743
-0.8243184563907838
0.9999998768365768
-0.8162153808186885
-0.6578240778089176
0.7918091063283694
-0.9277047898170447
0.9999983988754972
-0.6477485708037942
-0.9707637386951703
-0.5629242892731448
0.5980073953989409
0.672136873441342
-0.21096981209398935
0.10853304287390175
0.9903645559062682
-0.5234144176003543
-0.6558067533081027
0.24723119189948206
0.5977898887934223
0.5921370571549833
0.4426277459970076
1.0
-0.21126300262311548
0.5988405959574532
-0.7407514886667232
0.7978880834113693
-0.1809902337423024
0.4443377469658747
-0.7057530931888044
0.5875595653652317
-0.7194379966858159
0.9999997536731535
-0.5351788030472516
-0.37033238185977335
-0.8230740439527839
-0.8253798941680682
-0.31113880899552915
-0.7595324327563653
-0.2546666551321555
-0.3718225976997911
-0.865397091376791
0.38272598344888387
-0.9950524894923352
-0.8136270245012479
-0.9077403376022165
-0.8649632020319914
0.23743945342160377
-0.8652223840608635
-0.6552502701708524
-0.6594842899639223
-0.7628194181969532
-0.3918259387655211
0.1529455269830562
0.5970703680746006
0.2583274773567785
-1.0
-0.38379870107131253
0.6159830970271558
-0.9743365479526291
0.5755854941901943
0.2516815790364051
-0.6479932349441466
0.7940918172155045
0.20503084603592114
-0.3717698837546257
0.420629896454626
-0.8297988284457702
-0.68928291045595
0.7937465901400409
0.7903658773343343
-0.242177145030677
-0.8137626274302829
0.8081156972442476
0.4694458424364325
0.40800022637745115
0.9993069594171842
0.6097029940739345
0.7777575145293876
-0.03923264370065038
0.8007506476953226
0.43396036641028357
0.8114975185207638
-0.708400583344849
0.38032035546531207
0.9707936416196863
-0.841466191905976
-0.2350054620563068
0.6071612705076344
0.9999975367315344
0.4787297781201134
-0.8398913781895905
-0.8496990201445004
0.9999986452023439
1.0
0.2656975766060583
-0.7726729231316082
-0.7316987615194012
0.78238193158341
0.0885001425865839
0.16440600668300176
-0.7490885131613454
0.8677520426151957
-0.04098870778982533
0.9903645559062682
0.6044258108765097
-0.6659728162201952
-0.7002835595150668
-0.8045772994623684
0.9914695781399672
-0.8602809905415931
0.17121608184661175
-0.057117081232212374
-0.9652873001720149
0.7858207775249064
0.8366441641428093
-0.16345933681727542
0.08930673984566684
0.9999986452023439
-0.8709670032405046
0.4556405774840173
0.6518920089025533
-0.20609346425764052
0.48981153029346247
-0.16337669416025224
0.13169527942000503
0.7676414867580039
0.41303822620685926
0.8182458888093089
-0.8260288576407765
0.7948649140234545
-0.9640461053784483
0.36067874537376565
0.8823395184688838
-0.4374333544073712
0.3479745614255041
-0.06433094767905712
-0.4069690664033524
-0.23817445693738915
0.9999991378560371
0.11010559346238447
-0.6582249131699935
-0.7972910437134888
-0.027665381312718118
-0.06802190914801465
0.42929579808027074
-0.25784704262989155
0.7636417545868748
0.37927383585767305
-0.019837483619093876
-0.7153317897352582
-0.5784209575175112
-0.7360360230520384
-0.8159218207992925
0.2313767339104773
0.9999990146926137
0.5620328374189334
-0.7423569546800783
0.7876566515123691
-0.8018054450396634
-0.9846574811717866
-0.18590593229239016
-0.7706804776422965
-0.8673967573217927
-0.1796019972167633
-0.8665742411902502
0.46341970246202147
-0.4575360267739793
-0.43116150340350967
-0.8491918639582752
-0.021361261491956385
0.4208571329705839
-0.5132738187260257
0.13930234509568207
-0.8186185455337947
0.28629013148877624
0.23431565951686628
0.9990339061077649
0.9233455486168656
-0.04311204520723144
-0.5184702682994881
0.7771277799461394
0.044207865978554084
0.11658866973717719
-0.8590560533199
0.17214300977024277
-0.9757247305941705
0.9999993841828836
-0.1814876908089441
1.0
0.85330645102513
0.9686104467785646
0.44885612031245015
0.9999997536731535
-0.9564779439491009
-0.7815198441986236
0.8600312970998281
1.0
-0.5469771200172635
-0.0345079100383634
0.3759102427678027
0.7656989532459777
-0.9310487075500454
0.860634058893377
-0.35606242131130983
-0.8688548890900452
0.1257371256552462
0.9993726055217942
1.0
-0.03885416250090035
0.051639916429745414
0.3925364427671014
0.7859290381739725
-0.9302807528150174
-0.36564465880618313
0.9999980293852275
-0.8522770153389573
-0.4587391486743233
-0.3636600649851057
0.8186294197094135
0.7091138585234531
-0.6581257358233945
-0.5336646935031168
0.7799360291604245
0.8237867648959833
-0.923902319263732
0.5916860326989193
-0.7198311959146482
-0.7258186317832924
0.43589908185618786
-0.03879005593908136
-0.6494932114854597
0.8072283047794906
-0.955487040324788
0.9999979062218043
-0.7151411327560155
-0.36279539617194445
0.8048273570060036
0.09714683071819619
0.16741181002823358
0.531515034907498
-0.06974644340082914
0.8416898001044613
-0.5313475584391743
0.43119854980657624
-0.778558348894918
0.9999992610194604
0.3923449236438956
0.5728123465515449
-0.43481687064313823
0.17171082931794124
-0.2892900487770321
-0.440038014482969
0.9999985220389207
0.042106451650492316
-0.5376659036353253
-0.6830640197241004
0.184375600970752
-0.2896680373230889
-0.36070722191188576
0.1701888988964282
-0.9916620236830473
-0.5226566546386031
-0.36564465880618313
0.2902170740767447
-0.3887695152533197
-0.2987874882549748
0.013572319234459673
0.0650920718476069
-0.8607152647720905
-0.656993001819457
-0.696499147798693
-0.8060448840233578
-0.7165368514595192
0.3758311718500549
0.11605906701705848
0.1232093195557773
-0.9777585435982776
0.7896908186113181
0.39803384216535687
-0.448216065788988
0.11658866973717719
0.7887739900883961
-0.8430002847155385
-0.8120313345846158
-0.42415726110309326
0.9999995073463068
0.4194891568281751
0.8288673792698478
-0.33392274908701725
0.3807005609529881
-0.4261358199164297
-0.24804243357428002
0.3958894438025693
-0.8384540148535893
-0.14783088370999575
0.4524177601869601
-0.0651469053583098
0.2747899931665334
-0.31929241236202643
0.8600344993488334
0.10884612429588825
0.5999531311599724
0.2892374322079483
-0.3717698837546257
1.0
-0.15386878579133045
-0.8321094512437068
0.29136643514282556
0.3501327540916994
-0.26052055105910477
1.0
0.9999996305097301
-0.5979949200988193
0.17491196985250057
-0.36132266953803305
0.17929535608715752
-0.5462026068299457
-0.9297541060170575
0.8706343130468743
0.3933799890531695
-0.6563839586913204
-0.19581424495040634
0.997089278817543
0.07430666652397933
-0.3887695152533197
0.4581202266849824
-0.22076013419249996
-0.36132266953803305
0.10958104044262051
-0.6790674590111209
-0.2469887089063787
-0.9325324573103408
0.5980367082936824
0.5639267213787627
-0.9590473946810675
0.7632178260839333
0.5173109667904912
-0.8657482918782837
-0.9206497887908077
-0.581320378455882
0.4778186151146626
-0.6726971080594883
0.10183011988854829
0.9999998768365768
-0.6985212448821603
-0.3457674370858953
0.11976431544311672
0.2536998580537506
0.7926781474430573
0.9999992610194604
0.9999993841828836
0.9914695781399672
0.5167228614443127
-0.6640161804962031
0.18810979280128204
-0.011521242952150845
-0.9500972318744847
0.3691964814012003
-0.4046569194580527
-0.7317817428758384
-0.21492988564282112
-0.8057130201793207
-0.8072151212896852
-0.7962580720824107
0.7941030250870231
0.9999995073463068
0.9999991378560371
0.2706658659378882
-0.8565017055027135
-0.9492688654803362
0.4035027908128337
-0.04375372664253807
0.5986159458733842
-0.447297389814717
-0.3717698837546257
0.9999993841828836
-0.6675446586189939
-0.510624450327776
0.8213098252903306
0.8324260632221987
0.5042185717320404
0.39475991204763705
-0.04851368504388409
0.3870832590378046
0.9999988915291904
-0.4224273076596543
-0.14851893617416856
-0.30917453713929355
0.9999995073463068
-0.044686812737333326
-0.3518230131184712
-0.0381883410346302
0.11605906701705848
-0.20976502748743098
-0.05462825635621271
0.2511459413085455
0.05975946510970487
0.5809386692197849
-0.28953711460413867
0.6185862791416743
0.5736292895381838
-0.7605510558486308
-0.7408147946662909
0.7646571138484233
-0.8430901324328237
-0.8142038911850517
-0.6552146759415234
-0.7074783664221586
-0.363969389922682
-0.07649610690531872
-0.09766518977242622
-0.22046755948049024
1.0
0.4149897506487852
-0.41893975058424937
0.38203097225129556
-0.03103771900564145
0.9118519379560568
-0.3717698837546257
0.26320708902384427
0.7939807238077028
-0.8324152660237195
-0.9334256538514201
-0.6957817516489229
-0.679124853166371
0.9999988915291904
0.8276128366402828
0.48572656903342115
0.5071292929144975
-0.45519961663429276
-0.8576912794264964
0.37832843342054945
0.47835844039891384
-0.7530585937383188
0.9999993841828836
0.8127221324384708
-0.9614844601284323
-0.3649469380132825
-0.9871261149440819
-0.9759283197328581
-0.7093709263751874
0.10958104044262051
0.4489899989535593
0.3977542611945035
-0.8475873832523062
-0.8553178278872575
-0.45009498539288817
0.999998275712074
0.36522224405869097
-0.5457526908446915
-0.284492648695008
-0.7030968584297067
-0.7010401216334411
-0.6562021078968424
-0.17457212617329176
0.3450211025351677
0.42144979536342375
-0.20748588833957127
-0.06116860362283205
-0.750755437722919
-0.801681604217552
-0.6817907562541964
0.4138517206176464
-0.699852641487854
0.5642003905052984
0.347817651224241
-0.7301353250242415
0.5880714325523975
-0.962156547533862
-0.857824218946503
-0.5270214431963443
1.0
0.7997202624961333
-0.08242507093875917
-0.9276881935457574
-0.5146355135338472
-0.02174787147764301
0.9361183345918958
-0.18564815124745804
-0.16427652613076094
0.10958104044262051
-0.17684695460133648
0.08631842570654125
-0.8526034292015142
0.2784095198499865
0.13843428928838053
-0.8590411967319664
-0.6877523278039512
0.6293444810020576
-0.6378849048867183
0.5058710553822339
0.8092826706798579
-0.9787084645934928
-0.24360873508121184
-0.8036438130864476
0.1756685627617307
-0.42479186064156105
-0.989630327550278
-0.4362019049196719
0.4251123060816029
0.5769827832273449
-0.07534243511942296
-0.8259831178244545
-0.06798027991094491
1.0
0.7945746178347755
-0.9298461860713898
-0.7369507270059086
-0.8330046953766982
-0.5354926234497778
0.7975991420203463
-0.6387473875491163
-0.6857572958827505
0.17843161099967086
-0.8647095469617392
0.6832352526768342
-0.9411431278383567
-0.7097297937997795
-0.7048943362199607
0.39155975682046384
-0.6767406556184505
-0.8257131128097615
0.9914695781399672
0.3916116086216661
-0.737072689585815
0.79360889343281
0.9914695781399672
0.1896067210478687
0.17667443843968633
-0.38348623546644256
-0.8014902390486254
-0.7069921172270356
0.2700681538446936
-0.9917149608619173
0.49069916908506594
-0.7282812844318445
0.09480512455130863
0.8741200842526415
-0.8571019578415131
-0.5521177149782668
0.2790089562311069
-0.3621478644740319
0.9999990146926137
0.35005183572260234
0.7959061376038925
-0.09921452405562003
0.4155040811044166
0.3874027449578019
0.9993803648174611
-0.9429248638035724
-0.86363930299969
0.796207149010397
0.24525983814640773
0.6577341427225789
0.9999992610194604
0.9993726055217942
-0.8736742430522695
-0.9901320491504509
0.8018257412171634
0.9999976598949576
-0.05717410589719263
-0.5467953923862088
0.04440332633130484
-0.9301380987799994
-0.8253883154671352
0.4714789010645719
0.29424796659396435
-1.0
0.4230387266872031
-0.18284507489695068
0.5769827832273449
-0.03201502076939544
-0.2868741982293278
0.7836737927302297
0.585436843764942
0.18184434629543111
-0.9838141504217093
-0.6989542566875688
-0.9105656911369102
0.588313695005996
-0.6694444852139966
-0.8595345740102118
-0.7010295603698945
0.2878091059881305
0.9999987683657672
-1.0
0.06636792174939998
-0.2980025061766779
-0.8427047078950862
0.9999983988754972
-0.9554523390302779
-0.8721933414461376
0.09919947233063775
-0.41062418731613437
-0.5071803699407902
-0.4197700568023146
0.28548550484446555
0.4490759670230111
-0.2749065931340129
-0.93582952675621
0.7934642995738754
0.45398021137473354
-0.8380715308425827
-0.9137928037583545
0.19419948510210738
0.8467571128286109
-0.4198240639634243
0.4296905368518942
-0.41541333544879855
-0.07666859727962716
-0.03257307424029254
-0.6934691120499301
-0.3726621411746025
0.9999995073463068
0.5258032079893062
0.3765212565107119
0.22969604583635173
0.7831137686445602
0.5499856071704659
0.21102373188604573
-0.4449708943306049
0.6057391024589809
-0.8698599796011773
-0.8617664491943866
-0.4372929481048281
-0.2328052706627718
0.10190549590359765
-1.0
-0.24228288082956584
-0.03552080603144625
-0.9878779044798038
0.9999995073463068
-0.550705553957755
0.22223308136591635
-0.7510679033277889
-0.22831947404165476
0.11658866973717719
-0.06618849842901775
-0.5006117566685271
-0.5613109408006995
-0.2407285584277291
-0.9628181429551708
-0.8138035022913852
-0.18731467552790593
-0.9646946916631728
0.9990339061077649
0.6038607370904854
0.16233907811345927
-1.0
-0.9511635653978446
0.8019326470685735
0.08620178994469185
-0.8061702643882603
-0.3941092038880607
0.6321218161970987
0.335021464198787
-0.23077578377390762
-0.8056197238861834
-0.9950089512222045
0.11605906701705848
-0.025158636158630787
-1.0
0.9999988915291904
-0.8147849762161028
-1.0
0.8921034220131001
-0.7248487814066472
0.5994114584243719
0.22329548905515906
-0.5165144331377474
0.8005576506110372
0.43455660054239864
0.43476326876666826
-0.8835070257409571
-1.0
0.10630846512255676
-0.41750908425938915
0.4415435383818438
-0.26404302496501053
-0.9557055168422649
-0.05373913960352972
0.9999990146926137
-0.875405982365346
-0.6726951990264275
-0.06512091787599705
0.8476677831803685
0.12922560645632575
-0.858545386976111
-0.7595874252248613
0.7879813102961442
-0.7391446986465677
0.40748835919028514
-0.04955429280720569
-0.9542560219090703
-0.44640174540059996
0.9999996305097301
-0.22685752420728056
-0.8081115046843419
0.3574874579130689
0.8089295611453045
-0.19764242122391384
-0.19110712365764904
-0.03741000978119069
0.9999996305097301
-0.78458227192771
-0.5773232019257861
-0.04784909521184677
-0.9833302644247706
-0.7074662040341093
-0.12426861236506814
-0.15989677321709084
-0.8167265090253147
0.8192772593158841
-0.04378156157620017
-0.04244468419817027
-0.9582135321191549
0.266140718603032
0.5963690755424249
-0.32630195068964407
0.5956360068470419
-0.6600303350010492
0.4228185104863724
-0.7419193242462966
-0.2656207484172711
-0.64974135499252
-0.4133903762213683
0.7789092157005106
0.8944371225574745
0.9993726055217942
-0.04824272551266051
-0.8821756445306912
0.20974455657182411
-0.9709577441799835
0.13348866202643483
-0.9127966733862661
0.36399590585305797
0.7772909714819898
-0.3801874879189311
0.6111639586009223
-0.9440495690918548
-0.7309052503740419
0.9999993841828836
0.9123498876763916
0.459661001110258
-0.8227311415869349
-0.6888970086599473
-0.8249872953609244
-0.9513342929956573
-0.6886479414272124
0.39745953112258614
0.4431389973670572
-0.45287521492837646
0.3772050598367813
0.9527937999605078
-0.4356107204879115
-0.39534902848854325
-0.04808895597869123
-0.42254178806159626
-0.8352765063008725
0.8712636781398526
0.795596997411451
-0.7104884496963495
-1.0
-0.8700888480324938
-0.09652401907399377
0.5956319424540735
0.8251818369915147
-0.6736516861716465
-0.6955117774250856
-0.709254629312752
-0.2221545904709148
-0.9900123266053055
0.374093828601219
-0.43283584856133606
0.5769827832273449
-0.672537334308634
-0.8313092276917786
-0.2807034643959819
-0.6617127473631008
-0.919817527353398
-0.40458394512975726
-0.349219461513683
0.9999993841828836
0.9999986452023439
0.7368189779373651
-0.7209849908639672
-0.4175258344849557
-0.7338103676207395
0.11610981034745116
0.35441748642430637
-0.9742682692298464
0.5615234335002333
-0.5350238018790494
0.9181173844619077
0.5972397177816153
-0.6440322992513519
-0.8167877520375424
-0.2729696019760346
-0.492312389390574
-0.6869420664330254
-0.8656429563605206
-0.043465339486919996
0.4261483567982629
0.42673091979039346
-0.23599569597950554
0.9999998768365768
0.9172407072149762
0.4564040675449512
-0.5124483158814686
0.3598430815467877
-0.03396746893699576
-0.6606188714192092
-0.7173976098339911
-0.6512613455901164
-0.6881509770142638
0.601367047259266
0.10787313325194936
-0.24414917618257947
0.808339608347777
0.7953890975529487
0.9999987683657672
-0.4238891959123169
0.8055391184291585
-0.057343270859072426
-0.9629808803258979
0.27765391224814273
0.16982027077054074
-0.35780481426050037
0.9999990146926137
-0.45050518117413363
0.29188175090584334
0.18722350880733463
-1.0
0.4458501938037951
-0.745645725990304
0.20149667160480345
-0.07482034536812454
-0.6630759817137133
-0.8913065034746587
-0.8592512057640925
-0.29869536201435876
-0.7488093940533294
-0.218694683584037
-0.6776073566280959
-0.5491609306755019
-0.6908292272352734
-0.46108596612327724
0.9999996305097301
0.9999987683657672
0.3653268098050586
0.7661664816007616
0.38060326184859417
-0.005706081921824202
-0.23733349708321005
-0.7547247485284969
-0.3426484465546661
0.07993966885126969
0.16042117728608996
-0.8670873400116489
-0.952700244639296
0.669671634360901
-0.8008091453178681
0.37974333482722944
-0.18206896058513022
0.11039293372890469
0.48570538492461646
0.18271449588092858
-0.40861052692716215
-0.2505121065379592
-0.7010435394184371
0.8425764535886786
0.9999998768365768
-0.8004990198180404
-0.8354205459244024
0.5975238557991303
-0.8080597298602792
-0.8344941722361762
-0.8129365395594652
0.9999976598949576
0.5659323145635098
-0.7574945091730061
-0.6361478387555848
0.9993803648174611
0.38809172114764934
-0.7756290916172568
-0.7576660450307842
-0.8085770624243532
0.7947827640201244
-0.289022106749679
-0.20567218376829965
-0.29785785073603155
0.18275206072502992
-0.35682794356872793
-0.23257470873438524
-0.3535107830894355
-1.0
0.45971519301650265
-0.38507233403148644
-0.8231000006442409
-0.032203091316749144
0.9999987683657672
-0.6522788602115723
-0.158683120844056
0.779769758538992
0.26952290936981793
-0.9460903254339493
-0.545133486734134
-0.5401932170811011
0.5251143549628821
0.373841343583488
-0.8208355949208915
-0.14730011093735584
0.26090701209402645
0.441237723601831
-0.502184799910703
-0.8778664642585626
0.9999980293852275
0.42469502840351847
1.0
-0.7656025728637443
-0.36132266953803305
-0.8057698293083101
0.9999988915291904
0.17171316942298365
-0.03658364479267051
0.9999997536731535
0.3524340626557503
0.5173123215881472
-0.6518634607756932
-0.6571987155271961
-0.025913627943358053
1.0
0.8969324135131964
0.17582042326263925
0.11658866973717719
0.9999975367315344
-0.027512904994693277
0.206761661623323
-0.8005438205132597
0.9999977830583808
0.4472892352414386
0.9999991378560371
0.5753379357093946
-0.9422012632963545
-0.6531811862414025
-0.702040454957349
-0.44724640015747763
0.7927886250337426
-0.6521711845887668
-0.31728546437962313
-0.547563131585246
0.041209575602142445
0.406842490198587
-0.03580672991859879
-0.034410610933969576
-0.6462323674814636
0.9995260671472055
0.6296818256184309
-0.3887695152533197
0.4636182419003543
-0.7219771954019385
0.4154166350738855
0.4810645871352972
-0.16328955603827922
0.08239714863604375
0.2505109106980963
0.1622512625926582
0.7932603409449179
0.9691968278368168
-0.5632067953753012
0.3581264297530633
0.9999983988754972
-0.3636619740181666
-0.23406012120089492
-0.4251806259871551
0.24871383318896778
0.38235341409345147
-0.4035332995474381
-0.6779349713340298
-0.024828311857384655
-0.6891752348331446
0.7935811816625713
0.4874741348463896
0.38545454592830475
0.21539972831530574
-0.821969560559062
-0.27212125231645834
-0.44835696474522424
-0.3675673014253489
0.4727132448927185
0.48783217091787456
0.12721336244672132
0.9999997536731535
0.997089278817543
-0.17349112080713325
0.9213665587315476
-0.5273156806145682
0.40614710951072874
0.9999976598949576
0.00664277555026449
-0.6773902195128473
0.9995260671472055
-0.44220889298176247
-0.5213211320582294
0.9266212030225114
-0.37225896570848427
0.3615131775665108
0.9999985220389207
0.09757199085537072
0.27306262615498356
0.9914695781399672
0.9999995073463068
0.368402816301562
-0.19574582766877247
-0.6707593163392587
-1.0
0.5870699907576802
0.9999996305097301
-0.8459139772155823
0.9993726055217942
0.9225995477620379
-0.3092121635651066
-0.3717698837546257
-0.9482063423253841
0.4737698639010668
-0.9916157065381788
-0.42160944094734076
0.5887551127150439
0.18533516720155307
0.6659407679427998
-0.8067808778500437
-0.7835683598363852
0.8291596460732993
0.46755836297461406
0.9999998768365768
0.9995260671472055
0.6598627761671862
-0.8161480566124363
0.09700679390592293
-0.9674025088034843
0.9999985220389207
0.13447532421035824
0.1833752676468441
-0.2721391110128345
0.3108539677918445
-0.8537311596913809
-0.49687984336132796
-0.7986372199299765
-0.7703003337363322
-0.9826812855566345
0.5938816670457929
-0.8151879977279419
-0.9961186074797044
0.5961069837776778
-0.8234674741130349
0.2635457884378736
0.48358648139044846
-0.692905393061562
1.0
-0.6728961709423702
0.49293187562234775
0.9999992610194604
0.9999997536731535
-0.7173233422897511
0.9999990146926137
0.1366606128296759
-0.8554606666674104
0.2819223870088763
-0.7331329072109691
0.0920070979011558
-0.9440954397693139
0.40161962207083035
0.8229554117888203
0.10604969877023818
-0.2881228290145751
-0.23455523816249424
-0.8772077092937033
-0.6494952436819439
0.7871248318506312
-0.5376414556958036
0.4195544334425152
0.10618714915062255
0.8395112854734241
-0.7038865515089442
0.4406413663062927
-1.0
-0.03573812789182984
-0.9910987896506583
0.6405407751590602
-0.9143228067595989
-0.7197582831680644
0.5840401705449079
0.9993069594171842
-0.7596505772701498
-0.03301572358357319
0.9999987683657672
0.5842884680062475
0.7940141010954125
0.9999977830583808
-0.7789535187385228
-0.7284492485503472
0.43364371324902207
-0.26376159654280795
-0.9496325285807223
-0.9163183005436368
-0.7966268233717213
-0.9666405890761973
-0.8224840449689726
-0.8654271894383558
-0.9277374435196428
0.8532488105430334
-0.6912300933872051
0.9914695781399672
0.9999996305097301
0.6002033992360842
-0.31835138222642945
-0.2836911627179911
0.6163857182578694
0.43354099495400367
-0.7634765874327376
-0.18842585593276895
0.8777112833487395
-0.41660574213131696
1.0
-0.9437520909360555
-0.5373465408787514
-0.44963238357503565
-0.263930884668111
-0.2702247203430286
-0.23650854847405767
-0.2757318496517235
-0.23818757384196887
0.7732014531752873
0.38961032615673385
0.44401641359452837
0.8188050507510156
0.5297905006546835
-0.6901793862231742
0.7948291966307022
-0.8620730799320786
0.3911405085276072
-0.5292216961715909
0.26313971863130825
0.22592268803721782
0.9999991378560371
0.9999991378560371
-0.7976023084749818
0.9960863590617461
0.16304702147049244
-0.18436934542350625
-0.06307578923237589
0.87550604225485
0.6077125499902509
0.9999991378560371
0.18993913912731064
-0.037266031739372374
0.08518667700999005
-0.44597135081793604
-0.8220167783364632
0.17911812392105264
-0.2062915726239919
-0.9194470055898776
-0.503995179069546
-0.8160195509756679
0.1946188565583875
-0.8014119379022728
0.7887060038787437
0.3844285946123538
-0.026188775030973277
0.5961893801078544
0.39566417790138386
0.9999979062218043
0.4572655956908189
-0.9654423860150706
0.3743961948053798
-1.0
-0.522984269344537
0.16819291245869694
-0.9833791910946699
-0.6758503688132462
-0.1118691347260099
0.5949826248865233
0.10419239434712435
1.0
0.5856724553936832
-0.20630598274451606
-0.36844089958669823
-0.938909389807405
-0.9312860126758568
-0.8509262204940964
0.997089278817543
-0.18926952538226038
-0.28956199361564183
0.9999990146926137
-0.7389331038853668
0.135447329946911
-1.0
-0.9690269265885972
-0.941096518180358
0.17937257955355634
0.45679585039441584
-0.7987964394454262
0.4514642289638999
0.6165303121168042
-1.0
-0.8099828189468544
0.8244848551791537
0.8558336413074825
0.06639600300990867
-0.7177323372276196
-0.8215942662128894
0.3203950687033412
0.1724831871453516
-0.9651040868821669
-0.6702428921054313
-0.9760217314917046
-0.35890404781330487
-0.9433068628585999
0.10958104044262051
0.14826273046639726
0.883149194813549
0.43293096651848084
0.9999977830583808
0.4196363371189986
0.3667211429200501
-0.059082030487276005
0.9999998768365768
-0.9278369595656558
-0.9344166267551585
0.15766256293138792
0.7768548498001433
0.3855103389590522
0.9993726055217942
-0.5286058790551738
-0.7207509495688729
-0.2265026903848011
-0.7534285766618622
-0.550931743584615
-0.916527955480921
-0.8578962695491238
0.9999996305097301
0.37873474955396147
-0.031449084839408115
-0.8142844862501628
-0.9431555027090985
0.37759684268624594
-0.8130210604586935
0.606667385180268
0.21749449181851
-0.8017277289195716
0.6884847241040202
0.7653192404119951
0.9999998768365768
-0.7158925220106118
0.11632017347441925
0.163868152013523
-0.8628765057330121
0.9999997536731535
-0.5449184433970811
-0.9896860743947417
0.8386252478063232
-0.36898909998373275
-0.658190981646879
-0.8269853909722793
-0.7135098024237709
-0.9855206335352987
-0.16343020866766889
0.8562321981452277
0.11294820527176586
0.24276959689104016
-0.9193378520059927
0.5802557280376783
-0.6388967231998474
0.4559260702991883
0.8404685115991828
0.25593379622526524
-0.21492354272652203
0.11936575860537157
0.06808728313843648
0.3932426618362086
0.3614736421076368
-0.6604607911654248
-0.28725384948159893
-0.0554285722807083
0.9999996305097301
0.620119294271283
0.8882358441951543
-0.8231160888664073
0.9999996305097301
-0.964610086089091
-0.9763640873198627
0.8699968191679592
-0.1709045657547581
-0.7012664036328685
0.1496403133558224
-0.8599396893002469
-0.7223160795611028
0.40077693792872515
-0.692619746292112
-0.912351868683078
0.23232607757714607
-0.6922368312091238
-0.3498033177217581
-0.4089409128101199
-0.8258364147918962
0.9999985220389207
-0.9308564802371558
-0.7232781398512254
0.25497004243807253
0.3935383772155121
0.9999998768365768
-0.7038173952467706
-0.9824047220896515
0.1485077025153081
-0.2681853803803018
-0.034439677501864385
0.788062105501818
0.0005362098604493326
-0.05133997769968035
0.9903645559062682
0.2151117722316691
-0.8162030798717881
-0.8420320354633959
0.8012514301743929
0.5934423431149409
-0.3198250325860156
-0.36132266953803305
-0.04534499807135983
-0.43510045442524836
-0.8023203297306998
-0.8096530180901572
-0.7110495822528287
0.2033377184560441
0.583731646169583
-0.9565731877638687
0.7855831952813928
-0.2163955919616054
-0.5124387091344524
-0.20460749755572605
-0.974265082376269
-0.00770847285756604
-0.05367688049305985
-0.8062218082809045
-0.4405897866192787
-0.8192260491191401
0.5887702618161077
-0.9671179859002718
0.6649065646774888
-0.7069247776253553
-0.452219246535969
0.1151491356458405
0.4554696266525
-0.09663763733197273
-0.831887526150378
-0.21112832341975507
0.5868044504170811
0.34996106427964246
1.0
-0.8355941293740925
-0.8075430439041773
0.4223195754586513
-0.784381515547758
-0.4454979106188346
-0.5219674321219091
0.6097029940739345
-0.7210797343273281
0.5728123465515449
0.779882329907873
0.5871255374615809
-0.33990264119598546
-0.5264232384494567
0.8701874761472019
0.4982830800371658
0.7811840441285556
0.43305991862265847
0.09919171303497087
-0.36977063348617767
0.35614349863820016
0.3942699679498156
0.0962472450745342
0.9960863590617461
-0.7128987270991503
0.083417557597947
0.3835168157897868
-0.8480528024334664
-0.8382652976982633
-0.6522461911135464
0.34712300951692265
0.4683102756737594
0.17216333173508458
-0.3747088093610147
-0.7799583167365248
-0.08414886621103401
0.43970680225041825
-0.9005860822522409
0.5978577518396515
-0.6573657251291684
-0.5182802887190734
-0.031258427860165305
-0.7244808922612996
0.9999990146926137
-0.9282475556280269
0.49051725670887647
0.8975690452481486
-0.8619781363281549
1.0
0.8358823983698014
0.4704062708111967
-0.8559401726651086
0.017578209576752712
0.7869448900892142
-0.933322196575862
0.353101854736793
-0.7204988648322677
-0.36564465880618313
-0.03441122675108599
-0.7174667660961647
-0.962448568010467
0.36747613470477747
-0.7080532932820456
0.9999990146926137
-0.4289279963039765
0.1924976129191771
0.11539435402159781
0.49488278424715726
0.28887508541664864
0.44022248750370574
-0.9554647785360296
0.29424993720873704
-0.9948051311520983
1.0
0.9999992610194604
-0.9823661026587382
-0.343142762954014
-0.9288236063541514
-0.8577385279947536
-0.8581944635923209
0.9999993841828836
-0.9183329462399954
0.8003852218184406
-0.4428583952944476
-0.15896658146274278
-0.7669701179341718
-0.041306838912166355
-0.8271041513031803
0.9203451644622582
-0.3887695152533197
-0.6817591340452683
-0.8307985921388455
-0.2866002827759455
-0.8211556504717215
0.8049616051373825
-0.9374328912936554
0.5269110629817404
-0.8548878489811471
0.43680753526632654
-0.9354302309379252
-0.6486531137752434
-0.6745561059796725
-0.8227618246747606
0.2032820485887199
-0.7972668728916694
-0.023206495899588564
-0.9868761008925304
0.12015486665834851
0.8619495674174673
0.691367610352815
0.6322643162778376
-0.8169069434404249
-0.9301219643715494
-0.8701113407526709
-0.8602612074167282
-0.030380149488731245
-0.8007792166060101
-0.804454136039085
0.39460497246114645
0.04253949424675674
0.21393383725138637
0.9999991378560371
-0.9951597571363011
-0.7175608629515533
-0.8106066878720687
0.1312718435707565
0.8561479543637018
-0.23638778673752825
0.5887823318315895
0.9999998768365768
0.572870602850758
0.7968324497104071
-0.8813744202759488
0.3579866392676365
0.1382064369553062
-0.9434399640305995
-0.689509808272494
0.9999986452023439
0.1731172324484147
-0.8372845473586574
0.08566861548529792
-0.44750122528025105
-0.9609424948797015
-0.07521705475452034
0.38354563603083514
0.023948837646087684
-0.5422073701237665
-0.3223595510920535
-0.9600738771392813
