13.947222674061198
14.8566821405998
12.1721721364372
14.9340886060707
12.722636589488
10.5939163400068
13.2046943467696
5.2940792652663
13.7884521740353
8.85586568644581
5.3900076122593
4.89437034882947
14.6610382076646
15.581515272234002
4.0977591076745
15.2142486181433
7.594508846215
2.44077396438815
12.7698896760934
3.77203388002589
14.3963350752699
10.9444534773473
13.3353777092745
11.5946358374348
14.5887826130066
9.61864694657022
10.0054838815133
13.3726591543766
14.3375704509248
13.3527132468271
10.8271194570451
6.139985267530498
9.72625194633795
9.600474739363472
14.2033075153601
13.299452669741
10.2319326706686
11.2590458084251
14.0978614098568
14.641632261631
9.975897537560847
15.4809300243347
10.8548533999345
3.78564619234606
8.78016303256269
12.7297915871013
5.1761034269061295
9.00358551666674
11.8959462764133
10.4472067513116
12.8481888770147
12.5853404815873
13.4565190817954
8.36174762103453
9.56447831450636
11.3539720338158
6.485019690854792
2.35313845883308
13.3079171192713
11.2989665636334
6.46626543639802
13.4798891046948
3.3665125543669703
7.037270899241903
4.2471672715584
13.8866307206943
12.806397786163002
12.491512401837
8.93262868096894
7.65869983288756
3.43679145626293
3.12889884128291
8.7478543124586
13.9459321337275
6.12003382450271
9.8205290745157
10.6993629911
16.3576573513888
10.605180224906
12.4051078703172
14.7052623387341
9.47691305742308
9.450637455860118
4.22928999268844
12.0603453090438
10.758857194744
11.532734746035096
11.2757226744234
15.411154716429904
12.6551206589655
13.4821949214888
14.6900806569628
13.4400632034225
9.66389267556634
12.322342598141502
4.50901970330368
11.0964495817814
10.7383884334304
4.42855265536245
3.51688991681041
12.251140615544903
5.587955210871249
15.5148572599074
12.9026503071546
13.5347656190143
13.6929733670762
9.90317526185151
13.1869963460644
11.6446537794094
13.865546927119
13.619253972454
9.31242737247666
7.5459912931587185
13.8975463149144
10.2507720000986
6.66144688247203
5.556266377491308
10.5613217384583
12.9853115225595
13.2168861372985
2.22508638785726
5.1714994720552685
12.7888059442744
2.31044043331019
5.78263208235956
16.408149193027302
8.52796382281479
5.59368604316041
10.3316975617483
5.22807079958763
15.113540030586
10.9186516129543
2.61038806202384
12.5965407742055
12.8261750792015
13.430538684814
14.1540322920688
13.4309239475831
12.7480520499371
2.63696674806421
11.626324227495502
13.1734392718222
12.7912264965826
13.4765457279843
2.47278950493788
14.1614861588731
10.0910932011345
13.903515960605
4.22944235811615
15.0746192168736
11.5451428837796
4.89290410451431
10.5253467424148
3.49105366148897
7.93365205849206
11.5791331770838
13.969358426783
10.7949923942473
7.56603852453348
4.369159041634839
11.595504363671598
14.4773103712707
13.2146814552779
6.03465269374179
11.886460131129198
13.9179265401649
2.21247667833882
14.731080911027
13.9927520509188
2.14412357809644
14.1679376228389
14.5667781892318
6.85092445303737
4.41414028298737
9.36354656439317
10.0084862714546
9.98394122568038
13.645916190418902
10.5463119047
5.19957344045056
8.53873570148647
3.8067372335608702
12.4171793930756
11.2874567464323
9.21647383472054
4.844391126975
16.190998896972403
5.33272809642649
7.75662329479859
2.69096628055376
11.3138513515024
4.11868769181788
14.6654602345368
14.6326060063905
10.7816524216016
6.583731536206599
14.0881688301049
6.34863052049695
15.4478980566608
15.7407013469559
13.304107130598302
4.693599502744231
11.1084208344179
12.9617437366208
3.71006565921033
5.15979020183583
4.26329346242696
14.9102028721029
15.545246258285
10.8101307233938
10.4150928836463
11.9390486609656
2.49519800814516
4.93809507390532
11.6640917707912
10.5730150139471
13.9755029749984
13.2445720288855
6.400913574843121
5.31804040024779
2.14873899775586
3.66001383446288
6.837101970265699
12.7054247627747
13.2683396205197
13.160027205206802
14.5507393132374
10.350394845085
13.5643202946634
13.6719817917534
11.3280327100766
9.930562978176551
13.8679713802314
13.5977636643517
3.79785841348055
9.87652257778772
7.629110966807199
9.70672504728762
2.67702933438326
2.12796104937588
13.2554060985651
2.6742141077189903
5.88613263884833
2.3752131194297
11.2856289701471
11.2274074427626
8.06753533934628
13.4019205914097
9.47466225774052
14.474895243067904
8.79785575537139
9.13764911195019
12.1995181633921
7.391017181676428
13.8188047231134
3.77075383716999
14.868297425758
9.29842696546195
12.383231408928498
2.6675912206059302
14.8547087615282
13.2420710484713
4.66720456400166
9.53743191204722
11.6933706791747
5.28029230258924
9.00100754946531
4.22052028218087
8.93535073737372
4.32594127683581
3.4409886639348297
6.073793167894009
13.7621959056881
15.196970482475
12.9537059955978
12.4157756840635
2.49466328198846
13.8994680354784
10.1911696727036
15.4865870920674
13.2207899633729
13.985312814584804
3.6575375363548703
11.3772163424161
10.6383558737636
6.4888563911305415
13.798225120406402
13.5457855955028
12.4174904080884
10.898712775847098
13.3859654712928
9.70942063464509
11.467973298913698
12.981589314918196
10.5387534053345
7.81851898571832
2.18676202126297
3.43945970589754
15.2111899234474
13.4378753541941
10.115746474788
14.0786566711258
10.0505722108779
13.2793022985902
4.93970995964645
3.18837536937594
12.1818100023935
7.28064768594926
2.86214784671602
12.5750409890051
4.5814310039875314
3.07189067519542
15.1427574581824
14.395263332625
7.17932071541531
13.5360852881924
13.608792311507
4.671470523993532
7.517488947816711
2.06980429576938
13.1712291139885
6.433267237073211
14.3852891610107
13.6689115362783
9.87625222569357
12.0591569677529
12.841133091059596
4.49219536246114
13.1183670136
15.024504630311
8.38138560873192
14.7573557518127
14.7174877481631
5.789789159948982
13.7876343543318
12.7658405556282
6.81735654060132
10.0782991758224
5.88307785505942
7.42005475190606
11.1434223668204
2.33676611089175
12.8079014886865
5.06291889437317
13.1719113478205
11.3687646788455
15.6720570558345
13.4998610093673
14.042954519683
6.69488966830333
7.527373641035041
13.8381851379104
11.853932529224696
12.4810835852725
9.13785898727716
15.1783269113064
2.6862198471215097
13.4400857121957
3.0362565528921004
6.6874033203654895
13.0670454833936
7.7977150370718205
4.70196570311662
12.3009398150581
13.619299978745303
2.38000314556246
14.7025093718095
14.2665500484463
5.871930383519992
9.732561144809962
2.2281116395363
11.4990440396737
13.7085923363219
7.797428569296922
14.5084216397635
12.2574223914979
6.85509512685125
10.9552864925172
10.9023258618055
5.91068089187581
9.18980083230274
9.70085372354931
3.2678838973790896
11.698387292191804
5.97480165845253
3.53206089489351
13.8343934771925
6.46826447343464
13.893723018845902
13.7538608192164
12.6136291087619
9.89970123053535
13.0683280447084
15.127342029193802
8.50428132472701
12.0471659058479
7.517412564583027
13.5760612257501
12.456361574677803
5.2240647352376905
13.4324689236881
6.107525987212781
3.81986979390196
13.9082007905581
9.26105928864323
7.71262385022679
5.51980894581885
14.0130216030186
7.78409040508968
10.8692350018065
13.998844035219
13.7910946598926
7.01408850520255
10.3769453563011
15.262941247855697
13.2999135908701
11.535283086283698
12.5578006858015
4.4164789459508205
13.0943151852899
6.0080387960266695
14.6501177338724
4.825829080451848
2.71400815484306
10.1635424996247
5.04255721326743
10.2422956047246
5.07759271214479
9.34132959748259
14.5774020915518
4.49401129886759
11.9604485528703
11.4584800261502
12.6170643222519
13.5928129464249
10.7122882919671
6.24291814246571
9.8665022598671
12.5888899482168
4.8576136848688085
14.0541569314456
11.8562478444708
14.964626816035
15.4258194395815
4.59880269981641
9.34989260125534
2.31746738058164
13.910517313247
14.158562105897698
3.84721212116089
9.48144350507423
8.83161997536548
10.0528374171322
11.9158708017578
12.4871807343373
2.95686056677279
12.6787715965786
9.11504656248683
6.92474446757222
3.1325686017437406
2.466699841276529
12.0809061047186
6.21166533470283
4.87098054113708
10.8490694908659
13.3119612169
10.3731625281422
13.1082767472903
2.64392245666756
2.64460912532832
4.555766244639679
1.90642961002416
13.3038572734593
13.6306617449095
11.1034005631261
14.9524189247991
2.1549698874241496
10.6030594052989
14.8855168963078
10.0409018856015
14.862502496508696
4.075383614385779
6.48177440815159
4.4456286047342495
2.35219513728936
4.33849071903333
3.95220487216678
14.9832204939186
15.6960641461625
11.8767574259483
9.336001095225413
12.1335588841353
14.6801143158832
15.2073303028833
4.217401932941209
14.0768356588885
12.306752074317998
12.105734460330998
7.915917782543071
14.5685885404266
3.48616798027771
2.99673578071484
2.93710565653675
9.76781067377686
12.9061682166355
12.0542827343556
7.542346327521582
12.6781894924695
13.1038090700378
13.6847571414183
7.44619037704213
5.78005265185966
13.0681805914464
3.28412713195735
3.5608329812500297
7.26370251034041
16.6106896845866
12.2926051930974
8.01262879810688
12.176867906582
13.5433376633091
6.04667112940372
14.4704660561748
8.39409811186624
4.28451937270185
6.77214943079786
5.5531079781918
10.4970734632239
13.6008171205553
2.5732657924785
5.31955508981346
7.95689714159248
14.9130233822116
14.072440982769498
12.4703562407121
4.54041862936858
4.4584610247312
11.0041372382953
2.35558302364027
12.3570044764867
9.84965830234027
15.0174718155877
11.0685400550311
13.0913864250843
10.2779834619364
9.268972581617868
13.4613000701544
7.25461981357906
6.38655976956661
2.7895154198960204
6.6677893578592
10.034543695888
2.43421352570356
14.6551002346775
15.005057313566502
4.71238767194529
4.74653863834625
10.5997452288776
12.1869854905528
4.64947054785694
4.380762672131231
10.6505945930311
12.0610373855372
5.25170665514328
6.3617458706343495
13.385819836998902
13.7111152508498
9.78752412781067
14.3845448448069
8.94419553758793
7.74043427839064
11.1008092161697
4.25507928750154
6.109230050429339
9.45263352211535
5.71470901604171
13.153467529144
12.0079036183677
4.67583654696756
13.045245778006404
7.60426455160116
9.89908423305941
9.702145876817289
3.9199103500146495
5.21315121337213
14.2594848062055
12.9017424587323
7.86601517085333
15.5568716286699
13.7608564268711
10.0164200133403
15.7219622006893
4.708414759386531
7.20809544488607
11.996049662685
15.1407063319989
13.4128127628403
4.12383234673844
12.9513886896964
13.364771278486
9.99106022582679
2.58653208215903
6.2949741814623605
5.22565792187404
12.727226287749698
13.1209094527886
9.851942385176711
5.04390648964018
13.2002565047037
5.22835822560958
3.58350176614744
13.4668371032622
14.7810960473362
13.0866189544773
7.72288768817655
12.3893849171243
7.20806385172363
5.25957628452964
13.1162332022923
11.7416977876506
3.24176689973831
13.709896495388696
10.3406362213576
4.80137520129698
2.82135278903768
4.31967827139031
11.7193979035394
10.3876126629105
13.575815240075
10.4670950496942
12.6394727232652
11.059572709813
8.34503070073883
9.881736775970593
5.05913458165875
14.340032306536
10.818160712070696
5.44635659449796
14.6740876586637
9.04042935872009
12.120298583671
9.88559008050817
7.195533032220732
13.4718733991989
13.208100668224098
11.851825174700997
12.1966607864826
9.08687461461215
12.08448507566
10.032158316792
3.0406523088288
9.704780368863268
4.57641861501702
10.8262032245006
14.549041630951
13.6903429854003
11.000906619714
14.1593328769309
4.875133308172631
5.40484760525661
6.92921420086465
14.1510495165232
13.3436787555512
2.8640939139635098
14.3965797802259
12.557998429879
5.316371473764
7.45013734553079
10.9445397798614
15.0716027701856
10.8160219742305
13.5164068883033
14.8193812831198
13.3690779975506
11.5916922349494
9.779500193702653
13.8186383676261
13.228940498669903
3.890312190703221
2.27677730378945
13.1260643503395
12.8879712923889
14.522137343753
10.4950026622984
13.0674147361582
3.8601742319172696
13.8528715253302
14.0753022139646
4.71474077965135
14.7464448125927
14.6131819253828
5.59056744726778
14.636658481262
15.2162124545319
12.6331619653733
9.292182223811643
14.6546434257149
7.353618113171481
9.33891091381844
4.38516306341889
8.24366040356657
10.7984556835834
2.52269585976472
4.52016593096312
12.697494855357
12.6107795862373
14.4767427825273
10.671746982532
12.1824817205673
12.0531965788737
8.166637558279001
2.03982793369088
9.81458776610591
13.083002417284696
7.07604422280661
2.38840235503834
4.09708473943828
10.5292009952803
5.60847147877252
6.00831793209194
11.3632410554935
9.558755619893349
5.88220235693588
5.504825489491731
4.9951001575714695
12.6558123437077
6.5200815908136205
9.73240317560534
2.23927960950052
4.40237055987553
13.0327147603835
8.861825246315199
4.22893755618968
12.514291357147698
6.43341784376497
4.33793501384005
4.1458286782214095
11.8934025618551
13.9559190336637
7.934073892127429
12.0035807942677
5.03380801002158
8.65923716259503
12.1812547669389
7.360315678759941
13.1402904214666
12.7705909856325
10.436451495738302
6.6774990489498185
2.32730908787942
13.7747444574302
3.70321723198949
11.0623721954023
2.8617977538005204
9.953363980467053
13.590727191547598
10.6783380471447
14.6026347543966
3.9849091590703294
4.9100279809802005
6.70241388830244
13.7157417796397
15.728983140764502
4.24760782964117
2.42877921107036
9.1371571351711
14.0268201165833
14.7578282375724
9.24487714377511
12.1569715255222
14.5385752837667
11.2631916345892
3.14436080964565
7.399052455243487
7.37039013860648
14.8926339436692
4.188555207278959
7.08239743462513
13.1785137419677
7.64511082549329
5.59021098474087
12.480119500622
4.15678430731012
6.37391918349896
4.52692138004631
10.8852586807869
12.871104576108
9.952316217953893
14.998902676977696
4.39454649010818
13.5202048711864
13.947831490471
3.52173638677928
13.327112872103
11.7865841289379
4.7485513652714815
12.364520561199
5.3824036030735005
13.618933872810302
4.0505998388257005
2.21511002721543
5.25526112020579
11.4314180031954
13.2474078942485
14.9934360400539
12.9679432307932
15.198198614557
12.8917814950835
6.444786406478598
15.101264141145
13.8228031038693
7.6805860657070175
10.513194094496
10.8048732614551
12.4012578176113
2.2468572369868
13.647667979000197
5.092637416749192
1.9810190239794696
10.3859413393372
4.0364671112605786
2.26199442970975
6.38291248024894
10.079229202337
4.87364101417079
9.478958280006
14.2456216669454
15.189472490375302
8.628278950912629
9.98479319681356
8.897741989647688
2.2049669278887
7.53282998635704
14.2971667720528
15.1032259124888
4.07817889037111
13.2363962156968
11.4529111073023
8.56212748744321
8.393487709596059
4.57792244180236
2.58798167932462
14.3739229350071
10.4628048373984
12.4960150229235
15.0123150317005
13.0838957128534
10.8162340603688
4.16136573064306
13.8616163197999
13.7909611610436
11.8948807648266
13.349165385169
13.3522465114034
3.9712116002027
14.9524406837355
2.75499257014673
13.9166063880717
15.0578148618856
11.7400190074916
14.6112524650282
13.5690113234569
6.44286800320348
6.80270868710103
13.0543496498845
2.98305981257055
9.65189887584984
14.2018108095164
11.2037083470626
5.041987715418499
14.4080478671038
6.75492578347556
13.19240373047
8.508385802250759
4.50701224578303
3.4291411747726697
9.82318390527619
14.3754600478204
4.69206941752943
8.70069953669113
11.0141370762641
3.9785349610929
4.13331444060401
13.5191961528145
9.70194960202728
4.89861599831132
2.41143074045598
12.1969232055684
6.011408820144879
13.7635457813748
11.709434186819902
2.31764163986012
7.688073468735943
13.2888563175789
15.7122549427073
4.5462163741127695
3.66509546243116
10.3664073265481
4.93507914981173
13.9893211778645
7.88765222502052
10.418690447267
15.2421640523211
15.7128118635074
9.921106467438142
10.1010166098093
13.8604814677761
3.95263234089986
4.335461758048799
12.491031147220196
10.4819067894073
4.17516181594462
1.4898291442320002
12.4715281983741
12.2945726596866
5.8113382621248615
5.88705960630144
13.8449508355979
13.1757443682604
13.3945266232003
12.5198210565307
14.638517478604
6.74964499181236
9.226975391858527
6.33103273828722
15.2145882675897
12.442729528931
7.1116209386728
4.39466844540079
2.79674973802011
12.3467966614441
9.386230746261038
2.3689492631589704
2.69928946403744
13.27580679628
6.03523048088954
3.31455276980043
5.6333345909936
11.559301776728802
11.1372586895074
13.843818388479097
6.99561908445055
13.0565175823324
11.2870950157967
7.85962747275651
5.11006577630604
13.8751413745544
8.90019668858127
2.7733814213624104
3.23923861290011
9.903980495025367
12.0596953546961
14.7054391542926
6.88833106722522
4.17854176510481
9.23704031787355
5.04541644646695
15.1534676332675
10.1246859899687
9.20225122656877
11.7006464431611
2.8623192434683697
4.08284161965983
9.31868085698896
8.683635391356221
14.8245655582687
5.59370750408149
14.888996226225
8.97634317496705
2.75586713954918
4.15999813555933
13.8690331100226
10.5789871858977
14.4639490013849
13.5484801764731
10.3890457722461
6.26440712892382
13.012611423092697
13.3086000583757
13.6612993967329
16.0443704256266
2.33661824536069
4.69498529127167
2.43258275919227
13.650101521624
3.40361370068218
12.8961669083366
14.7391261305245
13.2193679105244
13.5049872677955
11.8157579290633
6.069672857935518
3.27895940520217
3.1991863689482303
15.4092115698283
6.94091777555534
5.76219686838778
10.1772803504684
13.209593239705804
2.32799212105602
3.57976751138048
7.06413168255846
11.6682266302492
12.8577734558265
13.0657298980195
14.1767645829929
12.8118343154771
9.73127829152163
2.2720260345239
7.13388571765855
12.9163200927198
6.48637740967364
14.0452992258476
13.1021386016156
15.596148709504302
3.4665352745661004
13.7409807808736
13.2378758093863
10.567403220171302
10.6338995646013
14.003362376394598
14.5215811428072
6.398523398428921
2.07767982692764
4.03243654036937
2.41027303279878
12.624700846548
9.97975901189797
9.09936290415153
13.4143242210109
11.9606547042171
14.276383911291196
4.05508231212487
13.6909977359205
12.169651662453
15.5624399827913
13.5823345270775
13.7668115791563
9.66887213383666
12.4887784829883
11.1982945766858
8.63486797745853
12.6970290477841
13.696309968884098
8.44296568341847
12.0543051451789
12.672949176112098
6.48329667867121
7.49885730175048
4.19919008133522
14.3612466665396
5.568158542658888
6.687916407861871
10.6617466932695
12.651303055532804
13.9055057526751
11.057446080708
13.3723420401883
9.88137380626223
14.9585454519756
13.6907944293531
9.47020412794195
5.86219599915362
1.99276067532593
10.9021794257028
7.462845844867362
10.3838300998733
11.163457037523198
5.8737920758219095
6.9496248556239495
12.249220163676698
12.8585390784393
5.86659833421265
12.5915643108853
3.5663074645344297
8.111240035183611
10.3663388715911
1.94134826686024
6.589974632230071
14.8747840001276
13.1362926889625
12.4479968511361
3.77298432126076
13.0380453799879
7.2527901590450705
4.9513191536681695
15.2367279092537
13.3167643587396
13.918866538398197
10.970789136779098
11.660988228092
8.3366994695608
12.3655804035435
11.0975345080833
7.5873556884745
7.731755515413901
13.3274992808081
14.7269976562948
5.47062777433797
14.7624740895778
10.8996606653322
5.627332219871629
5.03940366721804
12.67162254147
2.7416079735683296
3.66854502489054
2.33563322058274
4.95017916239312
9.91376176179775
9.52457275046088
13.3399932232635
9.80512934534138
13.2589101229441
11.960112966605502
7.46658036082016
10.8551768186058
15.065911987493
10.4599860074794
9.81728513783814
11.6855533244932
10.4103311030219
13.1851250531925
15.4160011046101
15.3878919824384
14.2442006373237
9.926725090921868
9.93282099284862
13.051419943055198
12.5640123232103
10.1715036947526
10.815689702335
12.311605718257
9.60536073484664
12.916209177846
7.34194450756142
6.851826094981071
13.895058981536
9.58341936951252
12.0979574100658
12.017614579984
5.02392368632861
3.95698243690275
3.26356453678673
13.7616594669203
11.4403408166109
13.093408723605002
4.38296734416643
10.0722449797961
3.79929170329893
9.278337065897029
12.072482775789304
3.7484105603378
9.39931908276978
14.4072607174058
13.610028061233098
12.1701796044717
5.3616455815709685
10.2926068795606
8.63563799671898
13.316033812741802
15.1886753298677
13.1569987724717
15.1543608114447
4.49071227665937
2.51751805683774
7.0934834271208205
13.553184589321
8.48359546295316
10.3780861216351
2.39681266526538
12.7953680687116
10.0055823357616
8.45411766836562
4.33843629002996
5.081132257982589
3.85564465924023
5.352506686033969
7.752950844915861
10.7775932921541
14.1389981056751
4.34769131736767
12.3689909064939
10.3525574029479
6.95444988689203
12.6430059261742
15.4743422509305
6.31422573675601
7.59352068866271
9.71513789569887
11.4081823958084
12.0284559522628
3.91494624630152
13.173493304434302
8.15937239908852
7.7753620252199696
13.3293068206216
3.789356209895221
2.93986791099826
8.3541924856971
12.802376349903
5.5696529473022105
9.374814882604973
4.7191244554471385
6.77754024563005
5.12428872688743
13.5938565016645
11.144342175306
4.78123874427378
10.5674574345105
9.91073004947439
13.948808446877
12.0748939548697
12.8573465315166
9.28647914141032
2.91829112345392
12.7366277148109
7.47315755813506
14.405312621912598
4.17682498147274
10.731583672671
15.1249553947571
15.7301491072368
3.69076739347017
9.25968482545068
7.18450313334466
13.209067790785804
14.9665652157911
2.03295757849138
2.9704495655187406
10.6467343291871
9.890487137550911
5.747130824411402
2.4535381113739803
13.4566355399018
13.777486018268002
4.5266942934756
15.2402475806874
2.5704826003346097
12.6089232764871
10.1294655755087
3.503394678133
13.4313675224973
4.69315907961252
13.4717227642009
11.2032865406394
11.063159274056597
15.4696653431211
2.28073203038237
10.9921014677741
4.40225306988819
12.941133724038696
10.5791466956615
13.7934311431017
12.957637021802098
12.1537717418764
7.3656689780104
7.49887104842714
6.542861976401559
3.4035572975942703
3.6750364046126496
13.9920780963427
9.21189227552098
5.40354944687499
2.00403526684874
9.558613107847233
14.6574781150033
13.4008324057035
13.4068625947521
8.13591923998895
10.783955822255098
13.9801486921653
14.4401591716694
2.969237189235161
13.2300062246486
14.9657407069425
3.5708196881210603
2.5716449503186003
13.1618374560226
13.3613851681494
7.69823230024181
13.0086545044318
5.03373939011614
3.11578668668809
13.5640278301298
6.140798142132571
7.38477869343292
15.1028149523109
6.72511107983001
2.36097793859666
12.6970013643649
15.3083079190905
2.34416668081203
13.7063189589046
6.526605854922
12.7110696852653
12.4050408784535
13.5566814534814
5.56764133596521
13.902830875116
3.29596066970558
2.88567878077717
9.78144750415037
7.948049696058461
7.30689321758782
14.205870518004902
13.6602997231414
4.77244530604312
5.27359569168505
3.69789260527493
4.17720056774325
12.5580751675058
13.2011671994045
10.6881550482742
12.230788879906196
13.5792283349091
2.53030444947821
13.6826297764288
11.4887182799094
12.510171708312
5.13702712658645
14.5375173186261
4.21693823703039
15.945603898113
8.13861886909032
9.8069102946705
10.6883744294629
14.9961955332537
3.73081491328188
3.9549976728215896
4.84452251453026
14.2416561213393
12.1621011653535
4.24419855624804
9.37625630992145
10.9896205956777
13.1873174989798
10.4006523924894
6.83029258953009
13.6424352668732
7.19402835096458
12.1039470927507
11.9390696704355
4.24546992463442
3.71869484742485
7.19747878349914
6.7997410920149015
2.46509680244054
1.97705755428266
15.0038038182896
10.911210354763696
12.3678827420665
4.29023136245063
9.85841755987987
14.8806749071076
9.13205540597651
3.8890950488820497
5.939264981081669
4.7630181679250585
4.18156986100735
6.66456435551359
13.3519695236237
9.76754148943747
4.540256771288821
4.40981910480045
14.436892535713598
13.5863566263453
14.9128599561525
13.453956223167904
10.0935928641013
12.2875662217056
14.8152652117606
11.5825500552168
5.3901063845953
10.8877938892622
13.080158053489196
11.6701562231194
8.467618471585151
13.7319977237377
6.00034280970424
12.6480006537393
13.4181559318806
16.1259539625509
4.37262738523054
11.5699347137847
11.8530762324611
10.8066038265812
12.5871019156506
13.6984938878846
4.430370762422911
2.43800957479102
9.20953567580958
11.2655320129493
9.99598304492958
12.4429169651057
12.8228174099721
15.072946014446304
16.1630610931531
10.5602499829124
4.22719870882843
10.6428202172511
11.5349041036246
13.9187861641903
10.0808842222958
13.4676876285402
3.02177102285316
13.4892973252396
14.1956279960265
2.5893884101225497
15.522771691626
12.8244762585785
5.91303039843364
4.55001685322884
14.732968871607802
5.118333871893982
13.9116360331842
3.90054819385642
15.0684154715557
6.199847151535503
10.6624342603909
14.8594824671583
13.330360115429
3.284909226663
12.3532746850542
4.487807448889
13.0166554279483
8.456423646428469
9.98882651895332
14.639319784689803
15.2223255474032
13.5409059644622
13.2574340916381
9.66260175909351
14.262329279163303
5.26167374438439
13.5873474153561
12.6232040199571
15.543633923003302
3.86462465845015
3.86447219699764
5.779781780918372
5.8798211381122005
8.38411221995908
14.774421162752096
14.1563393511524
10.2784809633506
2.60604209055853
2.8186718385071803
10.4475551624127
9.16657766447347
3.65529995320433
3.84469458028431
13.1552576418514
2.98966493345609
11.7316062858217
6.00980656880169
10.1960797308944
2.1799897929903
4.13025518744649
12.653750447355304
13.6688887419832
14.0648038596648
13.1956744968237
10.6504896262402
9.580034639674093
13.7753102563336
6.244523736748032
14.409472278067696
14.919664722762802
6.624376892785749
14.3833524859498
4.7775386211571504
12.778262297610302
14.7989030834259
11.9049310159757
5.52545218279645
10.0549172190231
11.3809018525545
9.30894245681989
15.7725593494493
8.55380786407455
11.0090812920844
12.809726254059598
2.33581502258386
5.10335113457718
6.5713792927116215
2.38768939252619
10.3596602337328
12.5995298334779
12.0610260561358
3.52874708032008
10.4396953635184
9.323097071553429
4.40248988028287
2.23135370599776
2.47176156661481
11.3713541021665
10.4924348717002
13.787795210617304
12.5443460791344
9.83315219291357
12.5426034513851
15.0426430393246
9.38667479626869
11.3023994311188
2.18988872025813
11.429726251215198
15.3361887741626
15.079107348252402
9.308342754484087
15.0967876949899
4.8596763915812495
3.76023029391584
5.37061725453907
4.187729664193959
12.2735367918231
13.139329540802
3.23635092828075
12.962395794084802
3.15461506715412
13.6527434472443
11.3664611012202
9.62146280163314
7.237687335967458
12.9550213510307
13.2774780733688
3.6155609094932095
13.997489608180802
2.53862173811227
8.07738078789045
12.623296941228304
8.60491469967133
3.52737535847429
2.6241454223070297
13.6764312538077
5.939433141476481
10.3780668598074
8.74932671040899
12.8068563530362
13.362468350940098
14.0286682037784
7.620835545118378
13.651691896211698
9.6464579677435
7.23812452751091
14.2385905194481
15.5197286834343
13.975930525136096
2.08048077897477
13.2990640743938
4.9997875359331525
12.203275172753198
11.3702645395124
8.09920254741909
11.8880519216419
10.1577088710772
15.1017708260122
4.06951849938392
8.94224297838921
3.85154426671432
14.2311202451584
12.2266073598326
15.6600193413107
15.1490565932599
12.6870064199374
12.315874021963902
15.471722402821
8.38459052431358
4.04746238098885
10.2673375487539
13.4477438103259
3.92736124120296
6.95352008330321
13.9300414791638
8.87166922165108
5.78048404950865
10.7126434070893
11.9797752450793
4.332828905741859
8.253427262112531
9.0706075267322
12.8770478886254
13.5997392328506
13.977327811303804
11.0365498424521
12.1668580989523
6.79854915219136
14.8860721590252
15.6664108008066
4.37656054087664
10.4536021792518
2.61216713672091
3.8627052356965095
9.433769433170893
4.30597267690418
4.11973066352384
10.3426776232767
5.516401067671749
10.500559559345
11.295982655694802
12.2309795682288
10.4360294502306
8.54300339035932
3.54698792852029
2.4438227811557702
5.157847783424759
14.1908614092203
15.0628797955374
6.787847231804942
13.5067648428623
13.309710032259
11.9231428846036
12.4265831505979
9.63496226254583
4.8389467637848
13.6730841098576
13.6555621967869
13.543693299800902
13.454968602226698
3.8592496157282
12.1927853613622
4.054099465843351
4.10462872335064
2.44489392746026
13.1986464291368
15.0068760520989
10.0780286065758
12.7540627770507
13.4598378213773
5.88639136981173
6.87463752944286
6.19978455485374
5.892116288579191
13.5036107845934
11.4135276702496
13.799498612374
11.790451986263196
11.3840146316429
10.1210072260196
12.2025261670631
2.9286651114522098
10.9014719337902
11.24419595982
5.43474837844728
5.75850170710338
12.3921530446488
10.0405434961525
13.1879714870804
6.672896303316271
14.761128604669
10.3387596698894
13.1035214559394
14.5451793233073
6.83735865905648
15.1586209961482
13.0539579039094
11.9404478939552
15.4949960790112
14.9890743936712
6.558961658715671
4.67812695657829
6.60548587458427
6.60423305597733
2.38974402306326
14.7569821298704
12.6658487852783
13.154805880086696
12.4239059135609
8.91126491730547
9.757817163087902
15.284022898678696
15.4471580201233
11.7532865502613
15.501578353194098
12.115444635869
3.82353706862127
10.0966963483606
15.015968248113198
13.4994968873874
2.37972990523548
12.8650258838273
15.2811405354317
13.766103789421198
13.8772612957268
13.4397347985309
12.8002297329742
2.5515399642782404
15.281749332606498
12.2151090017573
13.9824368880703
13.7043295544206
13.5795033851939
4.84740014102236
7.339307777713572
5.19181122363475
14.7605334097623
15.1819138081753
8.672605048494999
4.335791498823
13.812763638073498
13.9968119510734
3.06973520961271
7.48924938896979
7.23105586833395
4.64705651785399
15.0387126929383
14.6152905817592
9.5665396829624
10.471557862995
4.6807789680482
13.354084869506
12.031865749316196
13.6786545002112
13.8704012277703
13.1731291078997
6.95914814439059
4.94361787199894
10.367860253768
13.415231114017502
11.6724725768865
3.84602534642182
13.559266381563498
4.46571844913983
2.11233912298143
12.4174450104751
5.108317694987901
13.2604212353039
12.5956582858274
5.99430783130753
14.9243925773039
10.7007289493011
2.71820707058136
9.69643279884511
5.33108671846197
10.851682672950304
12.8842564902995
3.30812430047046
2.45708103568126
10.3504108171377
8.01723374129822
11.3026332205009
13.1833385395953
13.4424566525562
12.1008584474253
12.0350559808854
10.0298271023306
6.72599104350088
8.82345290108352
10.3804042426359
11.1428769847644
16.5084088311125
12.467223048296
3.916638697791021
16.312782214577002
3.2145485411487003
13.5231529552619
12.1625356461441
2.43207726092031
15.423485051489
9.8284661429368
11.9726803129259
3.47048066757843
3.59113559582443
4.8041374786863
13.1508050074195
14.1842938035573
4.05982175772852
2.34013619043036
3.96659778742512
12.8358596448035
8.9749729836887
15.2217394999048
13.725873345788
12.9546631751452
12.2480217589132
12.9439879245541
4.2941787468503705
10.6774703162355
5.58956279698513
12.7416166857964
3.62968228511887
12.6086136240139
4.5891876884321
2.19023324230068
6.7046080255063085
14.680516530872
14.307050434535403
13.6570006450262
14.6960218755085
13.87748938941
12.8173421524677
12.4240112498939
10.285340490201
6.44114937882195
14.9043588320165
15.8294936904627
4.40997387772211
10.5183661107288
13.3397619139696
12.1280979808271
12.3575511723509
13.9137434130308
10.1132325412079
7.2487277171579505
15.1618146618655
4.44173393643182
13.6387114958485
2.91416646791433
14.8387844344398
10.8066303832032
13.9777061978187
3.2098190061634506
10.6473777086108
10.2503853430815
12.9394949232686
16.1560694507222
11.0546883490126
7.45665041544638
10.725634070859
10.1031796241372
7.8717077509377695
6.740819059663
10.5242410554678
13.5338060389992
15.5206465403284
13.2495200838473
5.90728237625693
7.422776361877822
12.9041662164531
7.4607263857582415
8.07835782934567
15.3359185049848
14.019192258032
11.5437539023561
6.75364933550614
11.502968795831
12.1536054182754
4.266652705805631
3.75949242427697
2.49032416050767
12.3406754789364
11.1880466059661
9.11323035137223
6.9199522830466105
14.6901365842188
14.7764610220783
10.5651431968259
14.5159945199202
15.3512411743079
4.41265408994601
14.279447092167402
2.24178810775332
14.1482214727394
2.32690224037712
13.7408509564396
12.9860418781069
10.4684886833013
4.56388401773558
12.7722310082536
12.520865418547
4.97167840549611
9.31840682060104
13.829250566796803
9.35814940694993
9.04146020359747
13.6078024725706
12.3845848620602
5.55191494744752
3.09834573275458
8.90471425561966
8.01482270562303
14.9426035818254
7.3147578500282595
15.0638651021224
2.3284385102479304
7.240707602995268
14.8228956853881
10.902465118205
13.8534302685745
8.489891422627421
13.8234203840156
15.0944628447871
10.1126104584055
13.6059044073549
5.648910349993581
10.6138396983832
13.8459827557
2.46581847656234
15.328330912553898
13.1795957523038
6.04017122621528
11.1931997976694
13.004752721147002
13.6313310297616
11.9012505225665
12.6342109360317
4.790228192528518
9.79783079609561
13.418808629066902
4.1530679361993
15.0118848789715
14.0579621448363
5.4141202529493
8.58137905234877
12.1792836124689
13.5365966341756
4.8965017228782814
11.44645458278
2.1668801376970404
5.91520259527022
10.7635000243077
5.6248321801245
12.5449524837416
14.1657232728057
8.86494490172062
10.4864407137071
10.7064286003732
4.31775892959301
9.24956810197108
2.34973064253284
2.7017653225867497
2.86218557455347
5.12962914796809
4.97609669484152
3.3594352435412698
13.8554838898163
4.20496364101488
15.2895327335389
14.8366259339152
15.1665723391821
12.1316562158807
10.9255424666753
11.6250083312725
4.16805767837627
8.52738931053738
15.6564431526113
12.6647057189284
10.9735201908996
12.5144353120104
2.48455432720678
13.209552052857196
15.3626593668302
12.4634422839661
13.479310494233902
2.2726808676486403
6.88509048801573
13.704686858504
8.14728376350671
13.6343617713104
3.80094770378974
13.7815242371874
10.457357924717302
4.73853681580101
12.8859241465748
9.49679522595332
10.533413887571198
8.253625964629471
11.6610670225555
10.1540492206894
3.5602397659080296
7.999144431719179
15.0138634819669
9.44846888160915
12.770180472312
12.7473732876973
14.7471065543736
14.806788701804097
14.5615874554809
13.459374407038698
15.5103656187928
7.1666793561902775
7.03980226141204
13.2597587116022
12.7619196089402
8.75746096455965
2.32630267037633
14.964734510897602
15.2122126821984
13.3387318593583
5.11715142282594
9.667183296023753
10.2670336460891
13.7542765074912
12.3808284193121
14.0286990314616
12.204681026524
5.511778474860551
13.1276414661955
2.47072386931731
3.3226889070415098
8.29369499632836
12.3413273577078
14.5131292210372
13.2287121786096
13.054486803238
14.1614774880165
4.4935162152073
9.53635094945378
13.9488837961993
2.76877979493634
7.497066334532207
13.518063121288302
14.3437104936101
13.0900803263644
7.4016578242246
10.5116076220696
13.4642682502655
3.6953250981218098
13.0208866834756
12.3684184082043
14.1916517024722
3.31688032581559
3.89471977619218
13.5322146240215
11.2111576640572
13.4013576902781
16.5457291902938
6.0697092604319
10.7150554657834
2.7733525577743703
13.8110044309037
6.19491516114675
12.133657244166
4.99738787778383
11.1524625520169
7.99274441891579
13.3276484422091
13.5075614823124
13.2173589554811
4.0069173583685895
5.047349379535481
7.129640241031178
15.4026692830696
4.74958093645471
13.8935617587989
14.6400999079821
16.4969630082317
13.312074800362304
12.3577347138707
4.6367708286363305
12.79597649342
4.61951067710085
10.838459959771
10.3759037090049
11.4072296200382
14.6722104942872
13.0037873040451
10.047521476518
8.63590165963895
5.46024562382786
13.7383364082217
4.2326082931782
3.75609898719337
10.260404675254
7.174677848292331
6.78413907463308
10.400683152228698
11.4185711159934
13.2180383348629
12.7836389369924
14.376459203447098
15.8686765869601
3.9099283409830297
13.5415317262706
13.1130004484501
13.404598265486698
15.288749062846
8.03915295517768
8.768026650077442
13.4875995407068
2.9973840817016604
11.2299010441862
12.8083572573034
13.8898311338597
13.9290919313803
10.0925904636484
7.83740895626948
10.8848060918996
3.4487176195426805
12.5795344447274
14.7527126776084
11.971571378534
13.2282868188983
10.4829024759568
15.560030540283
3.82875880200834
12.3362124288981
4.0662044484011
8.427573580911702
7.2342385832348
13.7041472672046
7.0762923136087
14.9182563859389
9.094411079671133
8.45694590977522
13.4304832309695
12.2635531238747
10.7093211027595
2.77819369032428
13.1441474515944
14.2481441493139
13.7507149529221
13.7081208183131
14.0410500488502
13.1910526182719
12.1202119899985
14.8790617429415
6.21363220418247
9.701649897707869
10.3818326574748
7.58064540736027
4.62041095925642
4.80266165892734
13.5265359571467
13.6006352745537
4.14094661461096
14.899765581266804
13.4588157401101
4.03303049727189
12.1960074444698
5.88239454620212
11.7780888975056
10.0829447406752
13.9489874322203
13.5132030648816
3.745115705738141
3.89908180486406
12.402041914695
2.61451761698172
4.88855421059825
3.8386212737094505
9.220943259594687
15.113900630373
14.1560371134887
12.552951996498196
10.1318107430056
7.6335764513160305
12.8435996240865
3.50432241911006
13.9498151283236
9.36820310833581
2.31722169965659
5.38388841056615
2.18996742284441
10.8939005058623
12.8789586495118
13.8683011193319
6.768039261548848
10.9598141708391
13.369474521366598
14.9957789260234
12.8624924325329
15.126151665434596
10.2421443472626
12.8728403144503
13.292802023140302
10.0293953501461
3.67110312052289
5.14614435787213
10.7325485840217
3.13184227471072
4.4925307132180325
12.7419027515268
14.442518713553698
12.5423408866146
14.8725033473217
12.3210832411589
13.2216737025787
12.1064807537641
10.697330616147902
4.08871003336807
11.9520394806286
5.05786284667229
2.99728459245913
4.26175603371111
3.84409671555678
7.13286810566726
12.4384345467323
4.8602915832375
12.1798346203408
7.63150106785737
7.52382298674668
12.0886490105164
12.994408995617098
9.20526491184804
10.0989588507145
14.2728065773054
12.6896966648443
10.4728718473758
3.86511185236409
12.5637067386281
15.2471542949559
12.3665767698791
15.4651658064975
14.7184652512504
13.2599916443337
13.996946555572
10.4317278124526
14.7722448044459
7.501345593113427
13.937491004619
8.932353505091713
11.4021615038826
10.3955524196306
6.78533256911
11.8647488966921
1.95472782728964
13.7191995306667
14.6054150211274
2.78177564632469
4.41170045809004
6.625696538955983
15.3094219564217
11.365692134433598
11.0927510896236
11.673941422248197
5.644518805940759
10.6921407200319
2.73835041251606
5.1096766162741
3.38850938906
3.20508124226337
13.2465870810545
15.3726998219828
4.54118773858872
14.976712147563
4.27334317755072
10.1743576807548
13.5561043645787
10.7532596641186
7.60077303944744
13.5385195694369
4.5541877688673695
13.41385923815
10.9660569943296
4.07204181346721
12.5945464704675
8.842498267993712
8.53491557016274
10.7331226242497
13.5808811426817
2.09977903006742
3.25529719591133
10.2148214097161
6.45668650493533
9.22157104795392
13.489330318457998
10.3969685369553
14.9249474980467
13.9698616501618
6.3810047692804
7.629902995026258
4.80436394798826
13.3607722349765
6.1436326272313
7.20743484563385
12.9907028876486
2.4394690274739905
10.2664802406864
11.080531128512304
4.2892658790982585
11.5753495618571
8.81878556783255
12.6007719797206
10.517412944094
9.20234393850407
8.898612453676199
3.804537989725541
13.3020961569766
9.375499548482368
13.061339827516
4.36598572871359
7.79758037716038
13.5000826109422
6.78209564303547
2.4640449398851203
3.16182079517092
9.80887950762919
4.44844458010738
12.778430630696098
10.8379522970922
13.285703518354303
10.8439263153038
3.84003644244559
13.1057582142313
5.15519608590718
15.470364785776804
2.2023375714728304
10.555994103633198
2.2409698916075897
6.6478353573871525
6.4530579018336605
9.94930419402339
12.6713667366062
3.4336776692890094
15.536891925762
14.2151869153816
11.7671453562781
3.82255866020783
2.8272566243950297
12.7187634720271
6.125823625914808
3.07178190891458
13.819708796442
13.2341956681328
10.5925891561287
2.55333528295743
9.4196374563873
14.0512821404405
12.198853719051304
13.897251833199
15.2402422447701
14.1691057588091
5.24301750494401
6.575542268816509
13.0542041529146
13.0954039975111
10.239965399614
5.28251809838519
2.79233926564126
10.1400561953225
15.0051894696013
12.5125055016663
5.523207070893941
5.54256639843302
14.068595826370098
2.04300415645421
9.52184786839108
6.169076529947879
13.1521800086496
5.5336447201254
8.78325081514606
7.55878341080076
4.9738499309334685
9.54867224403338
10.1464896268892
11.1703058427827
8.54617740225129
2.79900084104612
10.4975893393678
10.4084032365049
11.74205380023
13.6583351611574
4.39277197001675
12.5506418197384
15.3606433803119
12.3829322671046
14.1770946146022
11.8696301019434
3.06007456989452
13.0712618980642
12.543298478657697
2.29724900777111
5.17264285277061
12.3259243948115
7.1145588877347015
3.761884292155021
6.16343387519135
9.45147723732703
7.695008673632341
4.69861532737837
5.24707227987932
12.2710825090888
12.8539291993328
