0.7445830731919616
0.8795315387372509
0.48119547305032095
0.8910173543485167
0.5628751256456785
0.24700889761463496
0.6344043768578811
-0.5393976517595018
0.7210242053801834
-0.010888542972495863
-0.5251635009201339
-0.5987077221062498
0.8505012745921803
0.9870845661005332
-0.716911411864015
0.932588381015863
-0.1980526512774563
-0.9627800962253793
0.5698866877485476
-0.7652435490046253
0.8112237885073397
0.299022704212063
0.6537955865722136
0.39549881452445
0.8397797614462774
0.10229534744569468
0.15969543255943397
0.6593275250422013
0.8025041081087192
0.6563678883384814
0.28161231201909787
-0.4138794497932591
0.11826211687075094
0.09959889799594057
0.7825817500480334
0.6484649158407831
0.19329661847858604
0.34570290702840545
0.7669353241665637
0.847621759082098
0.1553053174807768
0.9721594096093205
0.2857275619825621
-0.7632237111473961
-0.02212154164380009
0.5639368067699291
-0.5569032789412365
0.011030591582006144
0.4402082082786136
0.22523966588564992
0.581504970263069
0.5425026959022652
0.671770925701912
-0.08420734076262137
0.09425763488492844
0.3597883599021181
-0.3626821532659805
-0.9757837290832054
0.6497208975725992
0.35162647466058705
-0.36546496872340817
0.6752386434464261
-0.8254160829734495
-0.2807373762755163
-0.6947417570328773
0.7355922479467469
0.5753038763260685
0.5285801893439954
0.0005017923889956144
-0.18852779011319853
-0.8149878777372515
-0.8606739555373077
-0.02691561148659738
0.7443915787448041
-0.4168399078687153
0.13225125465170784
0.2626554044524554
1.0
0.24868026840041724
0.5157592122979981
0.8570633907144267
0.08126442571702319
0.0773655690415338
-0.6973944440853397
0.46460225551972223
0.27148334212971514
0.38631373524679735
0.34817747303093505
0.961805929238678
0.5528568988207372
0.6755807878185804
0.8548106848657195
0.6693291505405903
0.10900905149205897
0.503478240037565
-0.6558872669061002
0.32157636582857285
0.2684461227345549
-0.6678272214023211
-0.8031026154016336
0.4929130651741227
-0.4957914115924744
0.9771936398847554
0.5895861291263151
0.6833813938100852
0.7068567587096193
0.14451455672781255
0.6317782916652381
0.4029206345918086
0.7324637681237933
0.6959180423058451
0.05685752073183781
-0.205251838902471
0.7372119382624946
0.1960920576290046
-0.33650332983822917
-0.500493500687021
0.24217240778098548
0.6018516611147346
0.6362134332091076
-0.9947844994571206
-0.5575864282902977
0.5726935433136282
-0.9821193968486506
-0.4669046430765629
1.0
-0.05954365622879254
-0.49494105261313126
0.20810004783617897
-0.5491921961939428
0.917644922996985
0.2951941421527824
-0.9376122211820843
0.5441646306647203
0.5782384934765641
0.6679158724137852
0.775270136922634
0.6679730389192038
0.5666463518684224
-0.9336683918754203
0.40020083783788896
0.6297666502083279
0.5730527125034404
0.6747425426597258
-0.9580295292900186
0.7763761652005601
0.17239841355453778
0.7380977331279455
-0.6973718356223702
0.9118697298393914
0.3881548938805828
-0.5989252880646299
0.236834324344958
-0.8069362804954003
-0.14772951123573685
0.39319848086120324
0.7478676460326472
0.2768451970606478
-0.20227716744982027
-0.6766402332303645
0.3956276891881969
0.8232391584544729
0.6358862955337721
-0.4295090294806555
0.43880062410677434
0.7402360203972269
-0.9966555679468047
0.8608944319446179
0.7513388658030946
-1.0
0.7773334537821162
0.8365146756091708
-0.3083880500002393
-0.6699657746951762
0.06444274774069347
0.16014093665329887
0.15649886530670387
0.6998742663430653
0.23994520128273233
-0.553420724269281
-0.05794529087962996
-0.7600941558968209
0.5175504229379193
0.349918611663782
0.04261963200754604
-0.606123796759998
1.0
-0.5336628162312762
-0.17399759782648683
-0.9256557708431025
0.35383512645518955
-0.7138059625063501
0.8511574288936739
0.8462824148461623
0.27486576982371425
-0.3480349781564951
0.7654971085969657
-0.3829200087548428
0.967258022009827
1.0
0.6491555594304577
-0.6284987338030668
0.3233526980713932
0.5983545986663856
-0.7744385891568369
-0.5593238867553598
-0.6923489019438153
0.8874731137682896
0.9817028553598808
0.2790914701100835
0.220474508862599
0.4466038761128426
-0.9547044848716033
-0.592219709421272
0.4058049050917796
0.2439074928974423
0.7487793934866525
0.6403215531686905
-0.37516208416597674
-0.5358422229389272
-1.0
-0.7818654368569521
-0.3104390736122784
0.5603211804841293
0.6438482634166467
0.6277765254406702
0.8341347765766685
0.2108744097390316
0.6877668098459582
0.7037419625219763
0.3559394011912804
0.1485784325011008
0.7328235161272423
0.6927292425745732
-0.7614116232384411
0.14055974736092436
-0.19291827943315365
0.11536465397036566
-0.9277237788954619
-1.0
0.641929146615859
-0.9281415111116664
-0.45154690389726526
-0.9725082212848373
0.3496474004508332
0.34100830649302916
-0.12786348753903454
0.6636694294068852
0.08093044495747703
0.8228807941105367
-0.019496239602094567
0.03092337090271946
0.4852531628233121
-0.22824738660222343
0.7255280123932295
-0.765433485802901
0.8812550514023461
0.05478009615915669
0.5125131139235404
-0.9291242360007577
0.8792387225233902
0.63995044980271
-0.6324152981058483
0.09024440434011627
0.4101494019105685
-0.5414434047878148
0.010648064673596247
-0.6986957214042478
0.0009056997080880702
-0.6830530215496982
-0.8143650828181404
-0.42370124241383866
0.7171282174282569
0.9300245967223262
0.5971619332894089
0.5173421361651442
-0.9547838292261221
0.7374970892239834
0.1872480762083748
0.9729988231710036
0.6367926952409835
0.7502350084405205
-0.782232877784452
0.36323742376222623
0.25360297586735037
-0.3621128515719314
0.7224743460023446
0.6850165726962079
0.5175965723269609
0.2922355545836024
0.6613019583357869
0.11576463372869217
0.37670422736098974
0.6012993481990785
0.2388236472951959
-0.16481331988909453
-1.0
-0.8145919544365102
0.932134522244835
0.6690045105680791
0.17605654409538563
0.7640856644309735
0.16638578115178126
0.6454749401826947
-0.591980087579052
-0.8518486406140781
0.4826255700142723
-0.2446243606614148
-0.9002553098735141
0.5409744246917261
-0.6451426496087338
-0.8691330071169652
0.9219802971025746
0.8110647599516867
-0.2596595762977446
0.6835772104870943
0.694365708041597
-0.6317823015005442
-0.20948110684663268
-1.0
0.6294387000145651
-0.3703613456687037
0.8095847608929512
0.703286388326049
0.14051963166406845
0.4644259256890355
0.5804580104777353
-0.6583837156913912
0.6215948547466943
0.9044335693430925
-0.08129339417823278
0.8647931757335765
0.8588774355441382
-0.46584265331889163
0.7209028547118572
0.569285866476472
-0.313368962774774
0.17049999570576135
-0.45200018235557293
-0.22393870030027485
0.32854633590049676
-0.9782131097355011
0.5755270004516053
-0.5736979570448322
0.6295399320234216
0.3619833392514582
1.0
0.6782021376852936
0.7587880665377893
-0.3315409837441583
-0.20801438487465018
0.7284037394978584
0.4339740758917261
0.5270327286328669
0.030954512866020245
0.9272582048004709
-0.9263600616136772
0.6693324904633864
-0.8744205106317599
-0.332651831675177
0.6139796041438834
-0.1679002754384311
-0.6272573305913378
0.5003024275447925
0.6959248688645265
-0.9717974620917992
0.856654896794862
0.7919658766761966
-0.45365427935967706
0.11919829564940398
-0.9943356030664672
0.38131460192212985
0.7091743506536872
-0.16794278243085148
0.8278555466484954
0.4938451749128696
-0.3077691922587117
0.30063014118775433
0.2927716756796037
-0.4479043566483105
0.03866180773917316
0.11449344842646147
-0.8400509143309856
0.41089378278052546
-0.4383899149634608
-0.8008514977999581
0.72784112091553
-0.3651683452997311
0.7366446255270158
0.7158914309952953
0.5467002516703352
0.14399906899842918
0.6141699146390383
0.9196929071041491
-0.06305774002780862
0.4626466540844447
-0.20949244083188234
0.6895089662504141
0.5233643986877774
-0.5497866286637675
0.6682022873490074
-0.41869586023566374
-0.7581455051521583
0.7387928829798873
0.04923536235494308
-0.18052637425718154
-0.5059031694440526
0.7543465259064848
-0.16992194132597982
0.28786154945107056
0.752242813657491
0.7214163057703471
-0.2841772530576929
0.21481405837636158
0.9398135470675864
0.6485333087724068
0.3866918660144554
0.5384162540986857
-0.6696187565047489
0.6180259685638279
-0.4334580836067333
0.8488808602301263
-0.6088780917977012
-0.9222367448248643
0.18314866908631666
-0.5767192875408467
0.19483430333520402
-0.5715206096590184
0.0611461240823965
0.8380910837603155
-0.6581142613170133
0.44977925960339604
0.37529558559126586
0.5472099794881788
0.6919946394260548
0.26457330138233726
-0.3986059449942606
0.1390729009676377
0.543029376961486
-0.6041617918944656
0.7604503157455775
0.4343176296741773
0.8955487103097306
0.9639819271360737
-0.6425649825633304
0.06241672960370592
-0.9810767162382007
0.7391366159265109
0.7759422849928961
-0.7540883643517298
0.08193666783583131
-0.014486198092627633
0.16672189960390393
0.4431646722232818
0.5279374428513326
-0.8862015375949899
0.5563662995769278
0.027569533288492654
-0.2974344032963089
-0.8601294248997933
-0.9589331328006995
0.4676531312638219
-0.4032433352318203
-0.6021783755807808
0.28486932730319614
0.6503209735403446
0.21425275039700997
0.6200976291907057
-0.9326362818833447
-0.9325343918206019
-0.6489508675887647
-1.0
0.6491184848397205
0.6976107635812843
0.32260777437509236
0.8937372648847917
-1.0
0.24836557449463403
0.8838101307804762
0.16495086777148416
0.880395181513792
-0.720231558166548
-0.3631636985543315
-0.6652934381494799
-0.9759237021106184
-0.6811908957152724
-0.7385092086411964
0.8983076989085133
1.0
0.4373609060940695
0.06035546410279635
0.47546591682536143
0.8533318477264329
0.9315618195660726
-0.6991584319047259
0.7638154568887967
0.5011648689150052
0.4713372410182215
-0.15036097906352397
0.8367833012322194
-0.8076612332908364
-0.880284727519605
-0.8891328335146254
0.12442873199131377
0.590108127636245
0.46370267155635947
-0.20579269040580317
0.5562799251323254
0.619434701141728
0.705637609219288
-0.22006061376871866
-0.46728738711381723
0.6141480350587174
-0.8376406919269337
-0.7965822048328657
-0.24713873929063845
1.0
0.49906571003743894
-0.13601069339182204
0.4818922462424302
0.6846533407925848
-0.4277256960716307
0.8222235773825473
-0.07940707284744764
-0.6891993343965112
-0.32007693638346413
-0.5009621539417617
0.23263904595914164
0.6931823240415833
-0.9431205406806638
-0.5356174685214021
-0.14428033245285676
0.8878916299586512
0.7631633609783708
0.5254409713956683
-0.6512281951737939
-0.6633893231762067
0.30787876900025934
-0.975420996843019
0.5086214789258301
0.13657354139682898
0.9033900181016217
0.31743506217775397
0.617591389882493
0.20012978020528527
0.05040956173779443
0.6724803438415596
-0.24848645849754536
-0.37729194708793135
-0.9110327385647503
-0.33556221332589586
0.16400741951782183
-0.9637535548195911
0.8496201794224214
0.9015479151163772
-0.6257108859688603
-0.6206434578071209
0.24787380653899005
0.48339352527917656
-0.6350467273830582
-0.6749184499207658
0.25541899565289894
0.46470494801373685
-0.5456850333610298
-0.38097391171451234
0.6612803486596932
0.709548708672674
0.12735387650884267
0.8094743169058589
0.0022181190746213275
-0.17639977516733663
0.32222326213641916
-0.6935677471399897
-0.41844300595823025
0.07766175165129385
-0.47698328199558027
0.6268031800066858
0.45682079197162695
-0.6311344572341878
0.6107448950671415
-0.19660506892704666
0.1439075169659454
0.11468518220589718
-0.7433011717470787
-0.551406011477009
0.7909175137373503
0.589451419712598
-0.15776568605927777
0.983427864502739
0.7169294613345163
0.16131817031010187
1.0
-0.6263003992712957
-0.2553898911370204
0.45506186462095477
0.9216759445269103
0.6652856441752135
-0.7130425823747077
0.5968180841272432
0.6581570971264863
0.15755520501322295
-0.9411520467546172
-0.39088170565932845
-0.5495502266031886
0.5635561595570515
0.6219721098964479
0.13691246081577702
-0.5765190776548667
0.6337458758480397
-0.549149547013801
-0.793218538995921
0.6733019462868177
0.868315835698491
0.6168839775495436
-0.17900339359351625
0.5134261908877116
-0.25539457903015894
-0.5445173129191927
0.6212782330913793
0.4173203307677771
-0.8439262368560094
0.7093678658914371
0.20942639435593957
-0.6125066355536306
-0.9063086092651587
-0.6839823460613104
0.414011403593598
0.21639690699293435
0.6894724661197076
0.2281907543593933
0.550535008742729
0.31610445919683916
-0.0866878501481948
0.14133344654128033
-0.5742594853072167
0.8028694060129675
0.2802829851694817
-0.5168022611200938
0.8524375933104176
0.01649759713071508
0.4734983115981186
0.14190521202809614
-0.25725394157039094
0.674049247770496
0.6349098175843251
0.4336613799775084
0.4848291762207104
0.023389290763139003
0.4681841902659467
0.16365346944022874
-0.8737682544945766
0.11507609644911176
-0.645886403701328
0.2814763585428717
0.8338828691217874
0.7064664543760877
0.3073993996205904
0.7760566544310563
-0.6015621749035285
-0.522961495929948
-0.29677117016563836
0.7748275432746985
0.6550273220136233
-0.8999665462743004
0.8112600986009049
0.5384455959889085
-0.5360898635170748
-0.21947495012927398
0.29903551005144213
0.9114221399610936
0.27996563249972883
0.6806572674141746
0.8739967197973726
0.6587961416916215
0.395062033498802
0.12616325984548027
0.7255033280410708
0.6380020973882716
-0.7476930400259854
-0.9871144382346796
0.6227370098619016
0.5874080105941202
0.8298907260878838
0.23233177398317384
0.6140343950343132
-0.752165005454319
0.7305829520077338
0.7635879194920328
-0.6253617244219427
0.8631741761414331
0.8434002084113963
-0.4954037997127553
0.8468837338556297
0.9328797812563074
0.5495985985724319
0.053853481687108795
0.8495523966670395
-0.23379677840389912
0.060787232167885286
-0.6742655059755799
-0.10172949472783888
0.2773590908611323
-0.9506242668757701
-0.6542333544728338
0.5591445157977881
0.5462774305261504
0.8231549378456378
0.25855765395575525
0.48272524167658193
0.4635415043784712
-0.11315838756574581
-1.0
0.13136966456140486
0.6163473443485206
-0.27498406817145904
-0.9705511608851303
-0.7170114767509492
0.23740623054766363
-0.4927471430199233
-0.4334166645165235
0.3611637265880818
0.0934084833996518
-0.45213009152987527
-0.5081264619758301
-0.58376111522102
0.5529595331854729
-0.3574795579083726
0.11917485568033293
-0.9926784644414074
-0.6717122033511786
0.6088855031292382
-0.0100042446730233
-0.6974467397251782
0.5319602026145187
-0.37033899817252436
-0.6812733530054407
-0.7097786972973993
0.43983076388549436
0.7458734664721087
-0.14766691822977784
0.45617935769051754
-0.5780175219275479
-0.04006490382460626
0.48254318242541183
-0.23280297248697202
0.6248479191876872
0.5699907502710193
0.22364376712428147
-0.33412145872186194
-0.9796163726527565
0.7189902111340976
-0.7754547803988374
0.31651985570266694
-0.900307257765073
0.15196171717205909
0.6916851485355298
0.2595356569218239
0.8418351858976951
-0.7336564433484404
-0.5963843932383281
-0.33042451623717917
0.7102352076140444
1.0
-0.694676385634326
-0.9645599155734484
0.030850369835750735
0.7563939928919559
0.8648632846615822
0.046834204634857324
0.47893995843553827
0.8323298394988607
0.3463180777972492
-0.8583796598796871
-0.2270550873541457
-0.2313080923438663
0.8848661807265934
-0.7034388000875351
-0.2740413585535618
0.6305196161015709
-0.19054416991198142
-0.49545669274735527
0.5268896747101495
-0.7081530664815129
-0.37916759713742143
-0.6532309596203009
0.2902391935026798
0.5849052740075649
0.15180624686402533
0.9006346707176913
-0.6728731635129785
0.6812208240993254
0.7446734112920357
-0.8023834808940788
0.6525692239520953
0.42398070773181895
-0.6203448030345717
0.5097367392932808
-0.5262918077984178
0.6958705449106033
-0.7239090529921072
-0.9962648233306687
-0.5451576106185454
0.3712800372280156
0.6407423478201404
0.899823513880359
0.5992744991748784
0.9302068308361604
0.5879733804934624
-0.36865209496231477
0.9158233877837976
0.7261213047471242
-0.1852802418230104
0.2350310760977372
0.27831135131711426
0.515187929328228
-0.9915540721629486
0.7001342022607211
-0.569288228914582
-1.0
0.2161489107270811
-0.7260061117056105
-0.9893079677396255
-0.37783314338631335
0.17063799597479967
-0.6017836061966211
0.08156790229780375
0.7888604573872622
0.9289120209938264
-0.04465858096611419
0.1566252834719346
-0.004674804958078371
-0.9977698884164447
-0.20720475513766867
0.7965088827393985
0.9161144816063778
-0.7198167862950411
0.6391084002080651
0.37446925183927315
-0.05447434386399197
-0.07949764626248923
-0.6456632611374269
-0.9409369509528221
0.8078982044111493
0.22755415912070132
0.5292483024693309
0.902624838235635
0.616479894363898
0.27999710251019105
-0.7074732604301814
0.7318805322063175
0.7213964967898618
0.4400501043070393
0.6558414454299812
0.6562986326634774
-0.7356889303573866
0.8937404935444375
-0.9161553479512342
0.7400401320637513
0.9093762466182644
0.4170712280702078
0.8431139089953543
0.6884628795013998
-0.36893675369401124
-0.31554245750007437
0.6120957563046916
-0.8823140108288902
0.1072293736423584
0.7823596641119239
0.3374917598879361
-0.5768037914287847
0.8129617695206686
-0.3226326355242778
0.6325806564269425
-0.06244870470070041
-0.6561851397877693
-0.8161230506460887
0.1326451868175622
0.8081262860609169
-0.6287257726755927
-0.03391258591710333
0.3093625765136685
-0.7346022669588206
-0.7116355993651349
0.6810711472841802
0.11465605833318882
-0.5980777392385146
-0.9671341363882348
0.48486811479275405
-0.43295802879358813
0.717328516242332
0.4125329558651447
-0.9810508590965654
-0.18416923733424717
0.6468925956690053
1.0
-0.6503679075132242
-0.7811114088633776
0.21325039226768872
-0.5926672217553621
0.7508297820327972
-0.15455511168382408
0.2210083267051497
0.9367305612294161
1.0
0.1471752455966664
0.17387088024812214
0.7317121392818746
-0.738445779481657
-0.6816403425043795
0.5285087792653018
0.23038856703811184
-0.7054261537580573
-1.0
0.5256148701717984
0.49935764893850343
-0.46264512953745096
-0.451409357541424
0.7294076550706394
0.6301086876918156
0.6625722890714869
0.5327807168585488
0.847159577747508
-0.3234162160553876
0.044177886194509686
-0.3855312232108775
0.9326387792725217
0.5213416327224332
-0.269705082804958
-0.6728550674018177
-0.909959287612804
0.5071068111179158
0.06780869822870139
-0.9734376720445818
-0.9244207506130647
0.6449562665194617
-0.4294232956004008
-0.8331260397723002
-0.4890578759702491
0.39025583509634343
0.3276317500106256
0.729239618993589
-0.28691780399118183
0.6124174409624625
0.3498649369305906
-0.15871351285997415
-0.5667021539264139
0.7338874225106016
-0.00431056898423865
-0.9134267521797905
-0.8443013920353513
0.14463403976715217
0.4645058132426072
0.8570896271649582
-0.3028375385463232
-0.7049246262358637
0.04567135167760994
-0.5762950254960741
0.9235695066788479
0.17738301756753017
0.04050923652896765
0.4112290027303511
-0.900229877482539
-0.7191249158094208
0.05778543249733725
-0.03644461764970186
0.874765978903522
-0.49493786817393925
0.884326404733002
0.006988286954373146
-0.9160255765834978
-0.7076761885043032
0.7329810589440666
0.24479366261732394
0.8212565562275322
0.6854164031236305
0.21660955627848621
-0.3954173413727241
0.6059025065037165
0.6498222342320001
0.7021568750393514
1.0
-0.9782350504896059
-0.6282931061283559
-0.9639955331006012
0.700495298994555
-0.8199108978064135
0.5886241019506158
0.8620882070012401
0.6365816865518776
0.6789627880873472
0.42830960825559017
-0.424312627007575
-0.8384074955302027
-0.8502444703822325
0.9615175990141172
-0.295034556821105
-0.46993688461128147
0.18518713474581805
0.6351312900507555
-0.9795150220346255
-0.793772639502098
-0.27675168848482234
0.40641844858616527
0.5829271603123662
0.613784393434599
0.7786432259842191
0.576110565701266
0.1190079418302954
-0.9878194465614595
-0.266401364640071
0.5916144950450053
-0.36248069066320765
0.7591359814374732
0.6191868317658937
0.9892559217001358
-0.810574396117507
0.7139802502616004
0.6393279469887352
0.24307479722835135
0.25294173465146996
0.7529132593792536
0.829808195236392
-0.3755167460847828
-1.0
-0.7266041805333617
-0.967305920703685
0.5483431110611343
0.15587829522822982
0.025242342573176035
0.6655099191081413
0.4498098489907678
0.793425056276968
-0.7232439294590345
0.7065636083244131
0.4808214771669097
0.9842541144588319
0.690439818497472
0.7178131056227384
0.10974791922344229
0.5281745218380411
0.3366884475556733
-0.04368088041482865
0.5590753978002139
0.7073518542148924
-0.07215594837348183
0.46370599694504055
0.5555023504548142
-0.3629378192509367
-0.21224572928416718
-0.7018607639155418
0.8060172596945696
-0.4987289036924084
-0.3325756981333593
0.2570737794779627
0.5522904307765224
0.7383929847543167
0.315788903259425
0.6592804706382525
0.14127958795056217
0.8946463383201773
0.7065334410543858
0.08026893358984144
-0.45509869802988956
-1.0
0.2927499470285897
-0.21758922289463345
0.2158356383531772
0.331519143561005
-0.45337803558114176
-0.293742572804367
0.4926281024657193
0.5830407658116608
-0.4544454656617738
0.5434262073334863
-0.7957698837277867
-0.12137844685567278
0.21324023470515208
-1.0
-0.34710860786775
0.8822175497764126
0.6242547230234403
0.5221232146128458
-0.7651025195349725
0.6096764772875005
-0.24875794841097654
-0.5902574787360089
0.9359239291667225
0.6510336788833517
0.7403755003013521
0.30293047246364946
0.4053443916324988
-0.08792406452051549
0.5098940020448077
0.32173735061685416
-0.1991140593955747
-0.17768755740462505
0.6526265604951138
0.8602885457222906
-0.513200826865031
0.865552650842645
0.2923762054165724
-0.48994852673847544
-0.5771872206550197
0.5553055002202769
-0.9181413966281173
-0.7805995519001776
-0.9783812115745131
-0.5904266342387698
0.14608541499671124
0.08833632136542335
0.6544804511026683
0.12996619424126732
0.6424490848105526
0.4497294642544456
-0.2170350836328777
0.28577555186559334
0.910577723667269
0.22713589224218955
0.13176990909088881
0.40898943815439726
0.21976794082722328
0.6315006233238332
0.9625250516101713
0.9583541313608797
0.7886496005277777
0.14800895467937192
0.1489134838435584
0.6116610371603446
0.5393379564589147
0.18432997634182913
0.27991632894735363
0.5018850679188867
0.10032389742403414
0.5915980371460265
-0.2355289448416783
-0.30825426152340174
0.7368428598867511
0.09706816839734378
0.4701832577585259
0.4582617351002707
-0.5794841890681912
-0.7378002985095373
-0.8406918346859017
0.7170486189510985
0.37260403243953566
0.617891464918582
-0.6745913137270957
0.1696016549946915
-0.7611989471722849
0.05179909346580569
0.46640325113654346
-0.7687488517259514
0.06975078690156722
0.812844969764541
0.6945490724855008
0.4808998148696242
-0.5293719485332045
0.20229964905818165
-0.04356662252708188
0.6509252781628794
0.9287937358021798
0.6273271570348802
0.9237020392753037
-0.6586037806426996
-0.9513925656132072
-0.2723963840039715
0.6861144587472987
-0.06612717347434549
0.214983328736432
-0.9693032125139748
0.5736672520451318
0.15971004151148005
-0.07050118165569719
-0.6811989720625492
-0.5709954006781761
-0.7528371177417075
-0.5307280066917837
-0.1745425275289093
0.27426346338726093
0.7730393169034928
-0.6798256819009136
0.5104000632348087
0.21119529689891992
-0.29302661943888764
0.5510592765397802
0.971181895003155
-0.38802509913443717
-0.19819927721330577
0.11661297896530387
0.3678322644813943
0.45987041213015245
-0.7440377611208131
0.6297746677378175
-0.11423641481244562
-0.17121708587441886
0.6528947689565334
-0.7626732070360793
-0.888722961481026
-0.08532839558505734
0.5747071629237208
-0.49850715921567246
0.06611477635538954
-0.624711260774188
-0.3192770302673492
-0.564591707637048
0.692149485445561
0.3286828199861478
-0.6154945465895583
0.2430828417230808
0.14563555995526634
0.7448183751664526
0.46676102949723575
0.5828638119360563
0.053007240323690974
-0.8919245933048032
0.5649511729716394
-0.21605913834021662
0.8125559052078282
-0.7051793680086915
0.26743641085989744
0.9193387707551415
1.0
-0.7773021267251815
0.04903141516916154
-0.25889059277169246
0.6350533222818935
0.8958363361823762
-1.0
-0.8841851590794718
0.25484619752223514
0.14263185280530521
-0.4721724317590704
-0.9608861118169392
0.6717882061232359
0.71939701258251
-0.6532646554422596
0.9364461891207689
-0.943533519513646
0.5460019854276243
0.17809222755246812
-0.8051050815023113
0.6680388579647227
-0.6285640851771541
0.6740268960741471
0.33742917091980495
0.3166366449171054
0.9704879206638948
-0.9865276234232434
0.3060928633901139
-0.6717296368862529
0.5952964199622708
0.24481733117942728
0.7217630005219453
0.5977452313623923
0.4784651644409017
-0.23200863305125874
-0.21224368950890504
-0.3540993324087992
-0.8199192670745837
-0.7796363404927418
0.7512388622963546
0.0419398057958964
-0.5231541207670956
-1.0
0.09338733701253643
0.8499730168088291
0.6635079609779084
0.6644027394578707
-0.11771646856868645
0.27520755568131694
0.7494687396599531
0.817726546222898
-0.8843650552982173
0.6381602331720073
0.8957139929575917
-0.7951003457531801
-0.943361046355097
0.6280451361691655
0.6576546553894946
-0.1826618378580862
0.6053153664263164
-0.5780277039656547
-0.8626195784129463
0.6877234130355585
-0.4137588328946875
-0.22917307317403723
0.9160535020383507
-0.327056635334811
-0.9746204823375368
0.5590712900471146
0.946545196904973
-0.9771149898174102
0.7088370197386136
-0.3565114670119319
0.5611587918964642
0.5157492718338619
0.6866333344861617
-0.49880564845371944
0.7379960779812245
-0.8358847942538095
-0.8967637156230465
0.12645220791466683
-0.1455931443402907
-0.2407299658561971
0.7829620564683084
0.7020085403172636
-0.6167993447028939
-0.5424370690456776
-0.7762448653131945
-0.7051236373326691
0.5384569825601273
0.6338810076015426
0.2609923345280558
0.4898932104178906
0.6899789119015909
-0.9494952803243331
0.7053219440890097
0.3797824331042219
0.5313489161202689
-0.5627015436922733
0.8321728552927723
-0.6992272365672172
1.0
-0.11731588908364587
0.1302304571227053
0.2610248870011167
0.9002329761892323
-0.7713597493611262
-0.7380948040670432
-0.6061043010599405
0.7882720372165097
0.4797011105808542
-0.6951822643787392
0.06632865988919234
0.30572474375978276
0.6318259453482586
0.21833178321616553
-0.3114494710135848
0.6993577559229134
-0.2574772109233673
0.4710720257764198
0.44660699356428424
-0.6949936147256242
-0.7731581629792053
-0.25696522485566664
-0.31598279862352996
-0.9591709967617504
-1.0
0.901361917531647
0.29408998478074455
0.5102356303001352
-0.6883517713327696
0.1378732676713641
0.8830916611435162
0.03009335915878486
-0.7478736433702369
-0.443662959291679
-0.6181981732052326
-0.7044753078103521
-0.3360407493507904
0.6562575323426596
0.12438878956959387
-0.6512522121864299
-0.6706069647505088
0.8172418324715438
0.691036630279009
0.8878673802842929
0.671390640651379
0.17276932143351553
0.4983180115612902
0.8733859641403745
0.39370548802091565
-0.5251488447692312
0.2906153757363765
0.6159252886728386
0.4067047676652904
-0.06849788987070016
0.7126473158967417
-0.43460003834279437
0.5518004099773071
0.6660784804583761
1.0
-0.676125589462891
0.3918335838501108
0.4338470158758043
0.2785681380315155
0.5427640630469781
0.7076759110077859
-0.6675574449394512
-0.9631902850771396
0.04159012609420709
0.3466653505236448
0.1582856684461973
0.5213694450935109
0.5777402719208078
0.9116214547832531
1.0
0.2420133773110411
-0.6977047553837663
0.25426540924175667
0.3866356313715764
0.7403635741227546
0.1708835730588858
0.673428149911494
-0.8765699192896357
0.6766346648995476
0.7814422387357383
-0.9407282157979302
0.9783680082380288
0.5779864171117064
-0.447555729451131
-0.649803980429148
0.8611745734932665
-0.5654753078121818
0.7393026151210376
-0.7461741895772696
0.9109491985325142
-0.40499695454377704
0.2571758028571305
0.8799470600287425
0.6530510601638442
-0.8375246422465227
0.5080680407033049
-0.6590348081537737
0.6065025687054972
-0.07015901335396202
0.15722376053862774
0.8472786264562855
0.9337868612670939
0.6842925176441863
0.642230066627588
0.10881750123219036
0.7913395856108796
-0.5442060852071775
0.691183646678976
0.5481210072081739
0.9814636119628797
-0.7515046371215552
-0.7515272598329876
-0.467327579798849
-0.45248342429313315
-0.08088881100022227
0.8673253952605626
0.7756124656296397
0.2002036010350452
-0.9382570901423023
-0.9067064171649113
0.2252913642242811
0.03521588081338223
-0.7825648974332713
-0.7544619250113763
0.6270688025791089
-0.8813339221487017
0.415822921881551
-0.4331957759039725
0.1879766461369594
-1.0
-0.7120895410024606
0.5526535824981615
0.703283006036612
0.762030140552306
0.6330659830597709
0.2554034203492308
0.09656593150302739
0.7190741661608253
-0.3983677018480186
0.8131731281143784
0.8888770930271259
-0.3420038918863467
0.8092973909360217
-0.6160435825337529
0.5711290437499619
0.8709580999055595
0.44154139228722555
-0.5050658081334558
0.16703050717152146
0.3637842913865983
0.05634041794964806
1.0
-0.05570883583292874
0.30861238330299634
0.5757977648959152
-0.9783542352198905
-0.5676984936549395
-0.34986784302515517
-0.9706569525125155
0.21224923734455436
0.5446081567118672
0.4647032669214062
-0.8013432120634734
0.2241251024618771
0.05844072435026826
-0.6716944982126087
-0.9938545350142152
-0.9581820580221692
0.3623675660550407
0.23195075711126445
0.7209267230751002
0.5364198171039167
0.13412431279323478
0.5361612404994203
0.9071250037102934
0.06787458777008593
0.35213585437086525
-1.0
0.3710290097306821
0.9506822461617039
0.9125356929361748
0.05625143222463436
0.9151591585773811
-0.6038557209633737
-0.7669950023591606
-0.5280407033870876
-0.7035612967755803
0.49623628048390156
0.6247053406825083
-0.8447298757915812
0.598451353010534
-0.8568581007921325
0.7008873162549845
0.36164152713422126
0.10271317290567406
-0.25099895295786734
0.5973571098792927
0.6452042558877982
-0.7884615021400906
0.7520418394995183
-0.9482611347906839
-0.12640258881564503
0.5481347951596187
-0.048125442293786125
-0.8015467524795722
-0.9355708606503872
0.7044021877423645
-0.4436380071216479
0.21498047060565528
-0.026697132432403348
0.5753719199257721
0.6578153814700818
0.7566682179018092
-0.19414621261735254
0.700731283794481
0.10642203452815013
-0.2509340810970434
0.7878171535340466
0.9779164770799944
0.7488428347252656
-1.0
0.6484072548369098
-0.5830655872281707
0.485810639727972
0.3622058933101897
-0.12316460727580114
0.4390368190061207
0.18228305687377588
0.915898571283293
-0.7211018424385452
0.0019283921791979353
-0.7534455469239456
0.7867086906616609
0.48927274327411974
0.9987332475984372
0.9229149826429939
0.5575882086528059
0.5025184122920228
0.970793153673446
-0.08081783869075909
-0.7243745988865355
0.19855010601290557
0.6704688232299243
-0.7421955850004429
-0.29316458662949507
0.7420336732759181
-0.008543564548928462
-0.46722337496933697
0.26462599448477464
0.4526470151808899
-0.682031013437941
-0.10028025743638302
0.020975528930910814
0.5857871614736792
0.6930223836625657
0.7490501684561215
0.31268825348661533
0.48040695939927613
-0.31615966241584537
0.8838925224146772
0.9996816325273985
-0.6755419754166136
0.22618863966489955
-0.9373482364644654
-0.7517894471266919
0.07486263860598874
-0.6860160254206868
-0.7136512030734068
0.20972930401456602
-0.5064088411574572
0.23315632390235352
0.35118371298460516
0.4899215053529369
0.22358114268003715
-0.05731203773751048
-0.798636577446505
-0.96232770317252
-0.5596121089287114
0.7807349575439406
0.910127797456479
-0.3177476471338798
0.6792265502850945
0.6499869356594501
0.4442437268238062
0.5189457821536787
0.10471626551494628
-0.6069316485504522
0.7039055279607647
0.7013055712069924
0.6847061112574888
0.6715408606507973
-0.7523022029221821
0.48425412841201143
-0.7233897672917666
-0.7158920766121546
-0.9621687631037388
0.633506967754651
0.9018177852790457
0.17045984778713952
0.567538242525055
0.6722633707537253
-0.45150851258046154
-0.30486942889394797
-0.40500624283694786
-0.4506590310681291
0.6787585411661741
0.3686254131705864
0.722663310759142
0.4245546326071994
0.3642461753704551
0.17683715096401476
0.4856994999001045
-0.8903852682293464
0.29264496714602894
0.34349943963203544
-0.5185247248487078
-0.4704851843031522
0.5138369343849305
0.16489768881410383
0.6319229861663578
-0.3348044286434425
0.8653530035460504
0.20914794572742168
0.6193920240542095
0.8333097677256749
-0.31040098531949234
0.9243341789250947
0.6120376278007083
0.4468114987192744
0.9742465751892164
0.8991763190264346
-0.3517104107426966
-0.6307945990285059
-0.344807000779787
-0.34499289795809285
-0.9703520799498103
0.8647377365307725
0.5544487720568239
0.6270017687428779
0.51854852527381
-0.002668230279117556
0.12294586333965363
0.9429417089421921
0.9671482130531253
0.4190399079335798
0.9752232738035715
0.47277806750608686
-0.7576013433568146
0.17322982622129968
0.9031669140150811
0.6781481081168885
-0.9718380063537566
0.5840032984649666
0.9425140147879856
0.7177080815483348
0.7342019831038091
0.6692804207864564
0.5743886411299377
-0.9463442876272806
0.9426043500339092
0.4875665806185614
0.7498082693889931
0.7085418256234908
0.6900197247308013
-0.6056773097603729
-0.2359201911369958
-0.5545725064949476
0.8652646866475904
0.9277904398767296
-0.038081334730921124
-0.6815914145277701
0.7246316171316944
0.7519412865995001
-0.8694528419019386
-0.213671381701401
-0.25198295105165935
-0.6354049287726355
0.9065418065108499
0.8437130974986258
0.09456350724131246
0.22885296067986882
-0.6304010851978841
0.6565714140398842
0.46037636857692843
0.7047320800594168
0.7331840645727177
0.6297206271067504
-0.29232947716537816
-0.5914002192123382
0.2134659821934508
0.6656444867542621
0.40704847554676404
-0.7542644617325123
0.687016894272011
-0.662312443640846
-1.0
0.5175898360858424
-0.566961539748664
0.6426733084309826
0.5440336842543876
-0.43549552748134235
0.8895786270032038
0.2628580896407673
-0.9216136964574707
0.1138374576681338
-0.533906369073202
0.28525707950706614
0.5868567965376248
-0.8340799163372297
-0.9603604015281342
0.21087677972261276
-0.13532739738968158
0.3521705447771293
0.6312355347987386
0.6696842980758428
0.47061372283647374
0.46084974520429656
0.1633075564820401
-0.3269260635485045
-0.015698054346694246
0.21532729884561874
0.32846541039001353
1.0
0.5249760584178309
-0.7437866298280824
1.0
-0.8479649827940873
0.6816582701174547
0.47976558021161586
-0.9640705405293505
0.9636355432644876
0.13342898191033092
0.45159424675912274
-0.809988966252212
-0.7920858072590524
-0.6120967601179303
0.6264081066313216
0.7797604354908558
-0.7225406755645181
-0.9777130466989021
-0.7363735424567223
0.5796755198813106
0.006784973648700676
0.9336999016899434
0.7117385613704106
0.5973039626111385
0.49245027938521235
0.595719935241493
-0.6877660459791265
0.2594069002712953
-0.49555287289198036
0.5656914522297194
-0.7863661278631868
0.5459560382165081
-0.64399168829377
-0.9999561191777752
-0.33009894323502564
0.8533915296557051
0.7979754517675612
0.701519012695923
0.8556922616217049
0.7342358283642971
0.5769278359345222
0.5185641554113012
0.20122143927510594
-0.3691917686030527
0.8866059566587525
1.0
-0.6705839990559896
0.23579851618723136
0.6544461286997172
0.4746556107600042
0.5087025993833196
0.7396153147927471
0.17568351869777388
-0.2493607463576737
0.9248080651221944
-0.6658713413222525
0.6988052110274958
-0.8925366227095759
0.8768758206190319
0.2785720785868899
0.7491063146412424
-0.8486667661197712
0.2549416641913791
0.19603468424066817
0.5950532495325862
1.0
0.31537970232813306
-0.2185085202624838
0.26655359016840396
0.17419183513972758
-0.15692100306278034
-0.3247258357189182
0.23667025902664407
0.6832390082993836
0.9780526715823403
0.641055761178059
-0.4484086391202332
-0.22353485922432237
0.5898110645316468
-0.21790371492543303
-0.12625761232135668
0.9506421427682377
0.7552621471695595
0.3879487924338787
-0.3228220389019535
0.3818969696257537
0.4784404848201331
-0.6918504468108226
-0.7671044897846058
-0.9554276817640213
0.5061985307413523
0.33516782132167533
0.027300038152052508
-0.29814548275848896
0.8548189835284494
0.8676280760243871
0.24273944783260615
0.8289792345032105
0.9529157687947829
-0.6701863007085003
0.7938795807215866
-0.9923062455548123
0.774407909213852
-0.9796767419690001
0.7139609865024079
0.6019600335755755
0.22839754611178043
-0.647746326800261
0.5702341020028114
0.5329356825901277
-0.5872365087039001
0.057744770113345556
0.727077999641992
0.06364190048793628
0.01665055714656627
0.6942188326166674
0.5127139435701937
-0.5011391796083389
-0.8652075221944666
-0.0036402381313979104
-0.1356851544714569
0.8922808333209502
-0.2395629868769641
0.9102740003568055
-0.9794487853976992
-0.25055079620549303
0.8745181978960295
0.2927923389836007
0.7306658600934997
-0.065192959110279
0.7262128987231282
0.9148141899679669
0.17559121208850237
0.6939371917104062
-0.4867466956987957
0.249965188400894
0.7295607746317276
-0.959063912478235
0.9495162718598502
0.6306801682096452
-0.4286901722178973
0.3359324681680793
0.6047364075100079
0.6977100741796416
0.44099526906096287
0.5497542481488684
-0.6141606638903183
0.12888321247279766
0.666175329726538
-0.7087045133543578
0.9025610108163113
0.7610149453162627
-0.5215855912044376
-0.0516177359128549
0.4822506963049564
0.6836530856176906
-0.5983914620990998
0.3735112123563742
-1.0
-0.44723341202991107
0.27217225983134097
-0.49031949052530743
0.5365097973331101
0.7770048815365624
-0.009541340359548123
0.23106132503301757
0.2637038218527272
-0.6842671440538897
0.04753026381481473
-0.9762893916195776
-0.9240533749086717
-0.9002497116979389
-0.5637992791048083
-0.5865809089884257
-0.8264662366870068
0.7309705828937876
-0.7010040649111655
0.9437592756256445
0.8765555354998036
0.9255140242958102
0.4751835929056629
0.2962166287727581
0.4000055810038634
-0.7064802881083438
-0.0596289041734519
0.9982026014341598
0.554279160264753
0.303335714892194
0.5319815630913121
-0.9562838278365567
0.6351251786161893
0.9546100362326158
0.5244150566759387
0.6751527874003684
-0.9877222803560118
-0.3033183859154346
0.7085948435308984
-0.11603016470710592
0.6981597851744938
-0.760953224593765
0.7199962162488183
0.22674592902874258
-0.6218307934870229
0.5871042486382283
0.08421460462393004
0.23803135280003618
-0.10025077332989163
0.4053560834036374
0.18174002640080134
-0.7966702279972685
-0.13801154622784395
0.9028546021724704
0.07704378915099852
0.5699298370091028
0.5665456349853712
0.8632723674750828
0.8721281928444604
0.835744458155276
0.6721946078718082
0.976527156002299
-0.26153534107076704
-0.2803617647687171
0.6425750010734574
0.568704064033924
-0.025490146132986613
-0.979765708057727
0.8955646904132863
0.9322862824157372
0.6542932859460406
-0.5656507633362471
0.1094973241394479
0.19850501197650372
0.7159531121332607
0.5121565507413588
0.7566727922107224
0.486019244746811
-0.5070947560658874
0.6229710272893791
-0.9583360348217412
-0.8319187740539846
-0.09430520396413344
0.5062952585705285
0.8285540724131824
0.6379682185372346
0.6121161075520865
0.7763748785914959
-0.6581877233928186
0.09008400769940428
0.7448295557366686
-0.9141095560298337
-0.21251147865161035
0.6809030244909162
0.8034151870179502
0.6173975868328947
-0.22666849448319715
0.234795670312818
0.6729207717728665
-0.7766258401266283
0.6071304157528343
0.5103151141320159
0.7808522237505156
-0.8327806696659095
-0.7470390285825084
0.683002869123106
0.3385971130507417
0.6635859043606813
1.0
-0.42430722549028976
0.26498390336532407
-0.9134310350500662
0.7243705804204665
-0.40572877884110325
0.4754805117971028
-0.5834216560767549
0.329887747107261
-0.1389612003235614
0.6526486935344895
0.6793447581605847
0.636283591463072
-0.7303907972872489
-0.5760082107877806
-0.26703132185911305
0.9605468338599492
-0.6201920320134782
0.7366206972523677
0.847394383612162
1.0
0.6503378274129064
0.5087298338532129
-0.6369311517963858
0.5737575320233157
-0.6394922675475444
0.2832950515997821
0.2146594954635177
0.3676908886060224
0.8521590537366319
0.6045931558739468
0.16593310356052826
-0.04352749939099909
-0.5147413631197495
0.7135878699028999
-0.6969020641874037
-0.7676080186874377
0.19752138436553834
-0.2603484995725347
-0.3182978751965423
0.2183363474433484
0.36937377556520423
0.6363843999196006
0.5719268464680598
0.8082745439257528
1.0
-0.7447823337465278
0.6843853701559777
0.6207985468749599
0.6640667511361278
0.9436429920952722
-0.13207495526573498
-0.023922376374663323
0.6763827422730231
-0.8801885305733949
0.34137831494109894
0.5755946288372096
0.736067135351488
0.7418927763793992
0.17262058209112818
-0.16201036644931455
0.29017203693538773
-0.8132182359954702
0.5416411778313994
0.8641042217314066
0.4514296995746867
0.6379051023210018
0.23053631015032616
0.983896593776187
-0.7568265260790819
0.5055362892930197
-0.7215935917812318
-0.07443987711492395
-0.2515106897712611
0.7085147772711533
-0.2749472556753668
0.8886681195650321
0.024507575230743095
-0.07008151827051123
0.6679076439973477
0.4947548723291457
0.26413302048441856
-0.9127126925255794
0.6254202374893367
0.7892347512810733
0.7154246374274171
0.7091043853236141
0.7585054751458493
0.632380174135404
0.4734854625557372
0.8828522947540316
-0.4029514849317565
0.11461158726052423
0.21553925154693632
-0.20010975208234116
-0.6393586808403607
-0.612315746910878
0.6821602506125595
0.6931553411580307
-0.7105031133018114
0.8859243956180001
0.6721117111100074
-0.726516047333869
0.48473223127115794
-0.4521015738800761
0.4227201584842486
0.17118931927821546
0.7448449335764993
0.6801818739848424
-0.7692377526487282
-0.7463917770033092
0.5153042761278126
-0.936999464786165
-0.5995707390504679
-0.755363101405947
0.04328281937413814
0.9176984299312925
0.7755676186513554
0.5376967902792842
0.1784402109060943
-0.19225567675040112
0.5808240024316857
-0.8049674203685455
0.744967749736194
0.06513370042514377
-0.9811131711491331
-0.5260714873771837
-0.9999955623075194
0.2915214947776059
0.5860706862036211
0.7328724438555025
-0.3206868162667278
0.30130197238474943
0.6588549791467144
0.90017115869375
0.5836273769673166
0.9195162771732333
0.1948118592756829
0.5851628283401105
0.6474780719113182
0.16324349173046215
-0.7802199735978947
-0.5613487001436689
0.2675795874509992
-0.8602371995969584
-0.6583339552878469
0.5657338995655083
0.8180766624934863
0.5361222803102212
0.8818791393162204
0.5032913726744459
0.6369238272530773
0.4714479783928367
0.2623538342436784
-0.7182541420649615
0.4485314949284118
-0.5744481893576086
-0.8802032931011509
-0.6925770304682001
-0.7545506380662758
-0.2665523611185263
0.520704329710497
-0.6037644368841136
0.4823324565917555
-0.1925636286971002
-0.20854124216244085
0.46880204805969816
0.6032015728751068
0.04095641666072414
0.1735655434601484
0.7928942401714809
0.557987395681458
0.22904793382871524
-0.7514323457512103
0.5392926128543021
0.9374710291788324
0.5100418460258285
0.9698202652208978
0.8590224805368514
0.6426095643672025
0.7519612596397616
0.22294285209224207
0.867002460347349
-0.21187650875965336
0.7431390573707652
0.0004609609239847323
0.36693886553785116
0.2175750331498465
-0.3181207807198525
0.43557904262878777
-1.0
0.7107482796227478
0.8422477306486513
-0.9121811905909789
-0.6703278036125802
-0.3418080786233174
0.9467105012796448
0.36152742541586513
0.32102757189119613
0.4072664274566371
-0.48739832686335804
0.2615837410806927
-0.9186247638166486
-0.5667598987199909
-0.8221521232282443
-0.8493697704778049
0.6406205529682474
0.9560998706519293
-0.6511140723207002
0.8973419699384602
-0.6908576935007602
0.1847534597909053
0.6865477042137109
0.27065276287188933
-0.19712315051826967
0.683938416819798
-0.6491850868049156
0.6654409234839358
0.3022283022341923
-0.7207274251322691
0.543868709582829
-0.01287204270479092
-0.05851213402029343
0.26766476535147765
0.6902241607345077
-1.0
-0.8419185688135054
0.19075759558197092
-0.3668863208012234
0.04337597259193715
0.6766395605374074
0.2177851611072008
0.8896609678941345
0.7479423159055709
-0.3781162155598191
-0.19280075578667666
-0.6120631558882565
0.6575637064311208
-0.4133382430512057
-0.25548791293865913
0.6026516488797062
-0.9629737268825755
0.19842289593651907
0.31921433550005807
-0.6884950327992844
0.3926370560942476
-0.016390607982761263
0.5447924702910893
0.2356570823141364
0.040522993418490305
-0.004545642758682189
-0.7604204866370652
0.6488571648186188
0.06621636923881669
0.6131329809199351
-0.6771110994153605
-0.16792025670102495
0.6782350196262656
-0.3186010860252708
-0.9593270754469927
-0.8557888921305252
0.1305226551555858
-0.6648755948374919
0.571154021544426
0.2832197230095157
0.646424773371052
0.2841061666834306
-0.7551531142031566
0.6197239213079004
-0.5600055761740956
0.9705917061723168
-0.9981600406186574
0.24138187651369392
-0.9924276550484876
-0.3385230508830016
-0.3674247443799089
0.15135931324844165
0.5552675430873657
-0.8154499112743423
0.9804632131370945
0.784344452909989
0.42109632130335295
-0.7577465226846771
-0.9054325795446274
0.5623004202547781
-0.4159807988648272
-0.8691491462009403
0.725662161646631
0.6387818760164468
0.24681196588272636
-0.9460778925763351
0.07276569129581789
0.7600237451845187
0.48515457047529686
0.737168242136294
0.9364453973605218
0.7775067854835569
-0.5469743568871753
-0.3492501274939789
0.6120741670051659
0.6181875299570774
0.19448854014767236
-0.5411131341838661
-0.910613727422113
0.17966369714031605
0.9015675248458537
0.5316952117427238
-0.5053989449222498
-0.5025263468114944
0.7625928045380101
-1.0
0.08793199476523861
-0.40956279647506055
0.6266121336528128
-0.5038501735921253
-0.021663366720239052
-0.20335370411979792
-0.5869142909070153
0.09191228027033782
0.18061831001759043
0.3325353908975748
-0.05684106783703313
-0.9096252618421993
0.2327155932892777
0.2194818779098342
0.4173731570377459
0.7017170324106843
-0.67313647240384
0.5373539989616465
0.9543108977913612
0.512468726315735
0.7786921971158585
0.4363033312671605
-0.8708863181085446
0.6146052490580718
0.536264370839364
-0.9840767821971468
-0.5574167698516905
0.5040097183302163
-0.2692691406521286
-0.7667495768810559
-0.4104000713938577
0.0774901784656179
-0.18314016974691094
-0.6277544699158619
-0.5463726965869817
0.4958721062670244
0.5823567374028531
