-0.7750285938891439
-1.0
-0.4804253087141085
0.3676321873220034
-0.1683103211415361
-0.4114980951816879
0.7061736713953519
-0.10173050029334063
-0.33657946170625586
-0.5761337487154412
0.6052710444348774
-0.24518150850152998
0.14254384997579228
0.3353335713329211
-0.3451650835619141
0.5686470174328062
-0.1702671657383078
0.5058186782013496
0.2923708565278935
-0.7115440555186296
-0.16552686150989182
-0.41912968650511007
-0.6415384740762383
-0.10578559643710606
0.9457148064388503
-0.8732634705331127
-0.4941907529706403
-0.82941742867096
0.3928630675378557
-0.23193943785825355
-0.34413969662010035
0.6044890154964471
0.7727203791384492
-0.25108207727731446
-0.27577447311082437
-0.8665219221641878
0.4235827014336946
-0.25659713488867464
0.5999925356531761
0.9212918859873926
0.5575010529804187
0.8628667502468177
-0.7914055894598669
-0.5743078641174237
-0.8443325506088641
-0.12449599323919569
0.5794823716317381
0.11647870606417143
-0.8877290004525012
-0.73109310000505
-0.3667744161199058
0.599079919821401
0.6023658591633654
0.9091480511171459
0.5415131130755109
-0.4329002609610233
0.4161773052648161
0.7061736713953519
0.15297363859453617
0.10642500769826047
0.40966680242075904
-0.12825521679318275
-0.7830769439550408
-0.0006429996024309714
0.5506750895125816
0.29653769774182126
-0.9699224898416432
-0.8866135551924558
-0.6391850184291079
-0.8135845140637229
0.45308507893085515
0.1826228330703572
1.0
0.5061652931268277
0.38936800261383464
1.0
-0.09450867198596402
0.5193349813206503
-0.6276253733538744
-0.8071941045233668
-0.5333079635957209
-0.05836194007906792
0.5273397713299812
-0.27548774160358014
-0.3296718814300782
-0.04298719891476621
-0.3359804409712128
-0.3821194021277954
0.01773971737371549
-0.19097787391738252
0.5054791522786533
0.7130783601046053
-0.43237203697744364
-0.3415497854196635
0.21763635057207775
-0.6509963231030873
-0.9317864998055202
-0.4741827888304654
0.3201931403658209
0.4992882142178814
0.037729585901526974
0.5428699108973631
-0.7035219161077542
0.21730055570347684
0.5065980954019134
0.31462174383761776
-0.46326404557249756
0.6310343460701671
0.439001469036324
-1.0
0.8266313125287994
-0.13542070618371638
-0.13135068582356868
-0.20450257190839805
0.45548843742651357
0.8066087972776519
0.054374564432664085
-0.6070049566839124
0.5663479418991189
-0.0026531049964169107
-0.08866313625808908
-0.5419188633428766
-0.03886447741551868
-0.5487612434487342
-0.6496762761640763
-0.33031567481426805
-0.42262213969126416
-0.7270187889326925
0.9364479873816942
-0.07020878304330758
0.4785347854694124
0.8301957750589981
0.8303313988753718
0.5217420708704044
0.2904021658343685
-0.3694484625901976
-0.22036766685720943
-0.4617436410285546
0.4100973660633873
0.15097771120611347
0.8287298439048503
0.4961858427374186
-0.6241286294555104
-0.4488949167633032
0.1033175992947688
0.15771580834999988
0.24934732554110828
-0.3380107873336672
-0.0010097622200251344
0.3360743721235957
0.7061736713953519
-0.6494163149699678
-0.6339704972251456
-0.8017233531793915
-0.01967902415071121
0.31031405533158263
-0.8300962473254719
-0.3215424742139552
-0.5612233372333326
0.5305264646330037
-0.5874927563566856
-0.05312307374713199
-0.09326389906333088
0.4378972635767413
-0.9217585457128686
-0.35205018423716594
0.5063710607601981
0.5071939447409752
0.6751077956794445
0.09242105580866977
0.6446375827498942
-0.12630210325050661
-0.5761052061516101
0.27683437416854906
0.03233616065368228
-0.14967706388287227
0.021081062868999245
-0.7265608953188143
0.3916915165518482
-0.3236818606323525
-0.36262427137305586
-0.15525237801787584
-0.342522844327787
-0.5677775866866602
-0.4140441664965019
0.4507315300073724
0.28505649807894695
-0.015762163561186426
0.4650205344298646
-0.3643940968832874
0.8764819262996506
0.9171280296167414
-0.18112593230168939
-0.15436308127419773
-0.012240981258496486
-0.7427468609198442
0.4294009071903193
0.13886018026724045
-0.5263354629782804
0.9226221933251666
0.5927486941266358
-0.7514168045980623
-0.36986093062046244
0.0877266435456292
0.08859056912145724
-0.7163825797461114
-0.5504948777342387
-0.6240939306524216
0.12287335967856117
-0.7241453176209927
0.2016116597843285
0.8642082507468782
0.6939835714543201
-0.9205422220777143
-0.5835427826620628
0.8112847408229193
-0.775088290754673
-0.7600143658268264
0.21760892732447523
0.5130834136308253
0.19932340430751805
-0.17994318815339505
0.8678135683194232
-0.144569250826043
-0.7461561115996672
-0.7787876308904262
0.4985323026581199
0.16017028228676766
-0.44028093889651865
-0.3440328019202623
-0.7985154861443766
-0.14569733503183724
-0.3687408681809736
0.5629939108199102
0.31177606887892995
0.9261808727215171
-0.9601141082825158
0.500930810783454
-0.12043091652572468
-0.2539792407825211
0.5117794102244253
0.8713854929578129
0.41139409391430104
0.10543963631162168
-0.7664717011500215
-0.7043806182078486
1.0
-0.34531162071151744
-0.42359566498114964
1.0
0.5970446298122698
-0.46362922249210103
-0.24713368928068224
-0.3575298901109707
-0.6577793794488256
-0.9446792505090993
-0.6493506484178858
0.3740869109073317
-0.6877640889641903
-0.336126698291759
-0.11311245391727287
0.8274499057973665
0.40229610505496916
0.8073576198346317
0.8357794840657167
-0.1416622000274832
-0.8203790900389811
-0.36774616915909586
0.28813163286451204
0.38864082017060886
-0.6117718446727594
-0.31650284617072255
0.1616485259194309
0.03570119834247287
0.19539535055570667
0.10145953435517718
0.5345951791242181
0.5206180908241151
-0.9033463067711909
0.9486640181486901
-0.21779389246573588
0.9673940962611338
0.9171448193601717
0.36465611202267545
0.971211337706307
-0.6669402365696675
0.9567798070173643
-0.9913034818889863
0.4110689325498724
0.7332090759245244
0.13440754030959257
-0.8222900893085535
0.3143443399656125
-0.012449360629733786
-0.043744696172518416
0.1373645872330329
-0.6065888508759044
0.21690226567877513
-0.583656206706568
-0.5428543318809873
-0.5326428099268339
0.4019263575940988
-0.6605759910461566
0.825580834248193
-0.7962819838864187
0.2725281780841522
-0.9264016559820952
-0.6558896938257739
-0.712365820183178
0.4300771607451406
0.41655022412166787
-0.8371471000789193
0.3021415544406558
-0.5628726496962775
0.43827447314580303
0.8201237945280189
-0.24920377136925442
-0.22952358033137488
0.2638909744056228
-0.5998819080337159
-0.8898441350192774
-0.8537940374134565
-0.15184210129817655
0.3092234682194488
-0.5448992293544144
-0.9499558004874005
-0.2055474536078612
0.012696638105444524
0.32350874158784526
-0.014951032400810527
0.43684361390015347
1.0
-0.7424475371050274
0.8935056068214875
0.18812539165049724
0.042810162263458684
0.41816241259636167
-0.24573090621710203
-0.90528860025699
-0.6723233081423972
-0.3784627825614363
0.8219613386700848
-0.6869680685729014
-0.5020391185370148
-0.626608008178366
0.0030846965444484287
0.3171900149243003
-0.5961683898923995
0.5570357905347016
0.40721848472324895
0.5152604836955879
-0.0959258196078121
-0.9401770341701565
-0.5372130713648445
0.19111862979866467
0.24810600384351367
-0.043515889280107856
-0.6063338333284725
-0.3119399535645506
0.5870851405622719
-0.4492655037113452
-0.5470588567412801
0.8210957341199137
0.11481857354434966
0.845842883172276
0.5267622041559876
0.4250822120747022
-0.07768413647647787
0.10453075153394198
-0.5507127712934198
0.09310626389332022
0.2992108114485892
0.815413525285072
-0.3100164086255818
0.3241066430066597
0.5750314106484331
0.38401655172456506
-0.3451394325650071
-0.6511614222468162
0.2831273565588348
-0.6735095967920822
0.44878429287489663
0.017930187685294197
-0.5026450417221346
0.4382793235161271
-0.5626542897553344
-0.8499191045443306
-0.5981750440613469
0.9353374391301492
0.5312433866774666
0.9614014637255412
0.32825128444871865
0.12370202679318631
0.4151036944488171
-0.3903601813086709
0.38849157800678635
-0.9631867712447425
-0.5819769525345064
0.6071404890894607
0.8111916510232349
0.5995058196464096
0.4843548567530851
0.11849496769741497
-0.7354351142087645
-0.7702535908576392
0.7183814938433375
0.3176989307029354
0.8768451444158538
0.5041411962799833
-0.4210833597059006
-0.029165788846800877
-0.6518386085651613
0.8479930896475505
0.5096780805578027
0.5638257493305165
-0.8122627881503688
-0.6290319807479026
-0.6063167637559853
0.5728785924352919
-0.5125269250469447
0.8960287321536136
0.894319536272435
0.2054147232239385
0.4015282541221019
-0.15436308127419773
0.4333785839616018
-0.19113989494148242
0.2739827295233084
0.6162360527636304
-0.06564458456820221
0.8275142664805151
0.3735121420239098
0.8397901806657448
0.8978334430196386
-0.3511752520517558
-0.33284616897823305
0.20821525242807004
0.9158296227914846
0.4221175164903659
-0.37614551813903296
0.49913897205405866
-0.8838579385519997
0.050930428397047534
0.6024886108431096
-0.21700822574956224
0.9418634258487029
-0.0673873599362409
-0.9151227260893768
-0.6523939759672862
0.2562329858744745
-0.7529221916492705
0.6046634422754147
0.9659910333684965
-0.12043091652572468
0.8356600903346585
-0.12043091652572468
0.6024199594477511
-0.7547552585264219
-0.3861917543967527
-0.6031809060650148
-0.5764964071735301
-0.7920227058072735
-0.20184316982543138
0.6288341434700122
-0.4251471305504382
-0.8690919188633894
-0.15436308127419773
0.3809427228079334
1.0
-0.5785383198036809
-0.3620194675041647
-0.3527844556831733
-0.745307763174688
-0.2922827085093588
0.9838010335409737
-0.1698174804434398
0.3809427228079334
0.7735531504125794
-0.5625045812097499
-0.6420874986864007
-0.13167491442447332
-0.5746150231458412
0.9242877358734269
-0.48398118981988714
-1.0
0.11300285606874261
0.9294017051695138
0.07688028273711534
1.0
0.5269717028434537
0.5771638946167537
-0.6239638101408388
1.0
-0.5715938953683095
0.9142491482766031
-0.43186591948938013
0.22669982718102544
-0.42233167712992437
-0.026290825113462812
0.825409205759797
-0.6782723806214239
0.9242299045349458
0.28789657645649136
0.9770478256280002
-0.36993741722942153
0.035280521993197755
-0.12825521679318275
-0.7205550175411823
-0.1462349799270083
0.9357389005508319
-0.8230084571364785
-0.008803747672956774
0.7735531504125794
0.5359107487983144
0.43810023291954003
0.48099504254002823
-0.7450617934334378
0.11921543424326875
-0.012770604387361995
-0.43836485606574105
-1.0
-0.6207777697722829
-0.8240434515425884
-0.048582660741885886
-0.6276902936951373
-0.7062366310676877
0.4422500978373327
0.04880372756257523
-0.8350857393292955
0.18343265836179978
0.05012284173806236
-0.8392126582644006
0.0704794728834679
0.5290010231660318
-0.7895849283375833
-0.47420890620913436
0.8730986064457917
0.27789567250603264
0.6056874300719426
0.14864151168417505
0.5714553818505383
-0.11113751370813763
0.20005301193590608
0.9036585512263404
-0.12237134448447584
-0.327975464409177
-0.23362913898178284
-0.017191530385197606
0.5298248399103327
0.2047354848258407
0.13630832581857844
0.8762048955330548
-0.33447691944705227
0.0032050230390305856
-0.24468322622706717
-0.5523416562351913
-0.6604594888820227
-0.35643585177379844
0.9248677282325826
-0.1705743247667253
0.29544897615673515
0.5079541470129467
-1.0
0.4736842285924725
0.9474493734878788
-0.5830535481937817
0.12084833006819307
1.0
-0.2939665332226875
0.4098253722198204
-0.364802460754047
-0.596682902252178
-0.11917840166584326
-0.7652846662895174
0.3398835918024634
0.8689517263712754
0.5023182032488902
0.2801785179544045
0.39281475038731806
-0.04028227797183359
-0.7499394937289231
0.9371231216202869
-0.5709896511575325
-0.17498116603535008
0.1900774791532971
0.7332090759245244
0.6073115579197423
-0.3796416091029303
-0.5581243237015558
0.021901148559204664
-0.2742178773421544
-0.5531938289906184
0.26725918349039457
-0.6350248931125524
-0.35699065951780906
-0.3377560496152925
-0.39001477897577397
0.287988546939947
0.8220725240821327
-0.6829417015456718
-0.5031843655916486
-0.019109292190318317
-0.5003299226558362
0.6056161669387172
0.13630832581857844
-0.9376882345357096
-0.4097340528053045
-0.9651536896875723
0.4221593042962364
-0.38441129538234886
0.3669328012317896
-0.12449599323919569
0.44400425292036294
0.5360469322728025
-0.3836918548763715
-0.9705445031975501
-0.9532068078353952
0.060442004602872634
0.2672627279917854
-0.34819525914562766
-0.5590128742344149
-0.5363813261305905
-0.43054036924557815
-0.3367164846679155
0.055701327269047196
-0.030302267924310122
-0.1577330626096649
0.28504325283690757
-0.010739978195850486
0.2910894259987715
-0.4239031038386242
-0.6351784259885849
-0.049117227517427975
-0.054667263760934115
-0.9489184741724809
0.7061736713953519
0.5891081180928877
-0.21281592009143235
-0.12012795493316475
0.01586822063937987
-0.7784809382437707
-0.15719961515035152
0.45060374140459913
0.2632171460359636
0.8657624213303861
0.7130783601046053
-0.5872536890655123
-0.9360669516166578
0.481950192388493
0.8107948534201717
-0.4730387543684126
0.876994759685086
-0.40329126859308195
-0.15545096337211228
0.9244186958721814
-0.6627787121078261
-0.7358852658853945
-0.936980033830195
0.29805884849658315
-0.22110968024046507
-0.8001852261284945
-0.44976742376355117
-0.35627009969560297
-0.041230991751983526
0.10905894533702498
0.4378972635767413
1.0
-0.6595885675797653
0.41723953636582345
-0.29505441532060206
-0.2696602082117163
-0.40443651564771577
-1.0
-0.4917959758994016
0.8305979826904999
0.6097774115715016
0.42014807958602174
-1.0
0.4563372522332547
0.5820797449403661
0.7193446654581077
-0.6892591223402834
-0.3564279232838454
-0.5562041367112731
-1.0
0.5015337491252974
-0.33257426841101867
-0.03966087091221715
0.5042227198119715
-0.014698813143950273
0.9277102317952892
-0.1251557368796441
-0.8494412964292173
-0.6411580931111954
0.5679224467274475
0.8369586837126202
0.8092509432354265
-0.8265360288693071
-0.011899776361457004
0.09886066862491094
-0.06008643328203833
-0.6453529172308397
-0.6336850715868347
0.9939289798833864
0.46421164190194575
0.5638770513243307
-0.2575980834261625
0.5241883364881619
-0.7479695904428169
0.9030419945370483
-0.33058048637870086
0.3186876600382602
-0.34790908729649783
0.5449380341825352
-0.77795150166761
0.2555102806961633
-0.8098807433012312
-0.345988433924453
-0.659254358409155
-0.5483838473269678
-0.8438079177648515
-0.14605700864664983
-0.310514784176397
-0.32020423838622825
-0.04545529119898284
0.5394983438639054
0.6415262567396021
0.38164528029412836
1.0
0.3809427228079334
0.8582947165581116
-1.0
-0.36547992690144937
0.5634834251172485
0.9162965642115448
-0.8325537993818686
-0.06633371025965318
0.5995244749168875
-0.21808743314670453
0.22093945276288185
-0.1608433625800808
-0.05230112252987884
0.3644106086631873
0.46115814723013493
0.9785796098869346
0.07870383542632298
0.22004586530699388
-0.014165458960989197
-0.5824105942967635
-0.9034668198184777
-0.8908940070035933
-0.6490272593041526
-0.7837809005865216
-0.014055019759760423
-0.24446477300977187
-0.010462760876549959
0.2206530943610472
-0.7897414460568923
0.6056892955989903
0.2696849283106264
0.2910564061700258
0.46573708336891784
-0.023276319956950675
0.6480606383298708
-0.693694879278149
-0.345997761559692
0.10824352346443922
0.9238260179291007
0.04946617621724281
-0.34472220744077053
0.969267645075222
-0.41919731186059217
0.40251717001013154
0.04930368881138092
0.8149805364572817
-0.6091925669764948
0.4287683069684163
-0.36247167126054725
0.7727203791384492
0.4553946014160102
0.3157862058208438
1.0
-0.02279202913534628
-0.24985959740290242
0.7130783601046053
-0.6543551112762679
-0.2070752269836429
0.813503785246257
0.5895390548409254
-0.003491286298985763
-0.8296051006919669
0.8330733505302028
-0.5829820052314993
-0.5382214820105236
-0.8088185122002236
-0.19393212255025138
-0.034731775346565574
-0.023153195171797036
-0.34388934289028783
0.44564274532643045
0.9999212393135695
-0.85749729515601
-0.2214316702089123
-0.5751824231974244
-0.3503267170740718
-0.08862657192795254
0.20394860551708605
-0.1462349799270083
0.45844268605938243
-0.7763198184352668
-0.04980971115756494
-0.4728467916351957
0.9791810558071397
0.19928031063271434
-0.3577751136414017
-0.7333576632883536
0.41387375246621394
0.3306759099527219
0.09898211443572169
0.8138218576079039
0.16172501252839
-0.6423656487692252
0.19204393121436492
0.9167741391357771
0.28893604812751605
0.5617941903754813
0.20874039829202085
0.1779008110070095
0.5408407771274899
-0.3417713167565877
-0.428211911660888
0.7727203791384492
-0.10223046154214643
-0.3710571998398531
-0.3289528140295104
0.2985623542467799
0.3110339622193219
0.1379231260311391
0.8531925000824256
-0.47199611130140673
-0.8222591215595604
-0.8639910082566371
0.10905894533702498
0.40115925287205045
-0.8259073462542044
0.503583776798106
0.5176854823050006
0.6059027118932567
-0.6403710272497358
-0.33545221698763317
0.819908139601295
0.8948646432757972
-0.03747372700139662
0.9589191934357615
0.9670226698259203
0.9746690920893724
-0.721559510580061
0.03744453336862574
-0.4588445187199478
0.9026351230879268
-0.5647159769721916
0.5293398028779093
-0.3358933208580813
-0.24603610644211926
-0.9627483257503374
-0.33707382637391825
0.6046339669480596
0.931452852158551
0.10905894533702498
0.29438581229220384
0.5189917243438582
-0.8423170351864397
-0.8384765212913455
-0.6106969279878269
-0.09094877999703255
-0.6646594432010484
-0.10147445670603239
0.5802839886041704
0.21286526514737325
-0.34985604459991626
0.5015891552786167
-0.52864750392495
0.5763831715472565
0.5816665306992821
-0.06000425681558341
0.09944551135439084
-0.338881801912277
-0.5395058041065696
-0.11961129721728125
0.9150181185256991
-0.6369514228947977
0.06490826290796936
-0.6540126937866473
-0.332090630523881
-0.11620251291922024
0.15105811542187286
0.445209943051345
-0.7655028396777556
0.30303831329252495
-0.7977725399975971
-0.33602465396224523
-0.7183384915793593
-0.04209734251297381
-0.023706137388759818
-0.6060497135590952
0.6016175962644998
-0.7379252197121449
0.4981748676757647
-0.6840765016488382
0.8864805916176519
0.9128992529048277
-0.028676181273110224
-0.1984547197721911
0.03287828281376792
-0.9523274916614228
-0.025810451898658826
0.448435625869666
-0.10943876477842662
0.9132027741555018
0.8611042002920724
0.22534918559843087
-0.7013875666123859
-0.15436308127419773
-0.6569105102263206
-0.6395514079412925
0.41680430890557574
-0.692351140145631
-0.9824260449648786
0.31600092798404367
-0.33401482839731655
-0.036851107349199164
-0.23926881379993492
0.3458590614892163
-0.9049511264140461
-0.399172744529692
0.912314969833462
-0.7429329472428605
0.023020837893283908
-0.6278754472546297
0.8797171233059156
0.5944692697228058
0.9154117447327814
-0.6365078005628348
-0.34899519714371696
0.3010336179269777
0.9145448343136766
0.42977419915258075
0.054459819018747746
0.8791875001770499
0.2784904025288659
-0.6672961791303845
-0.6320902325136852
0.8227291896029523
0.32949969514909494
-0.8157127073198335
0.5901431124989975
0.0011807396394813985
-0.20102131188453065
0.1718973584145398
-0.6691648775741486
0.45366339231566766
-0.02411394160140512
0.5950156825951014
0.8474089931288895
0.15730389997784955
0.6114088149747876
-1.0
-0.022719087027777918
-0.658866795164978
0.5110205138213872
0.01666106963468761
0.7159148939807591
-0.3909309393089401
0.96076308036979
-0.9985738605377815
-0.5646167309332495
-0.14862276127181784
-0.9893837612804655
-0.5372525272619051
-0.34820589264980006
0.8709463478907649
0.6554048452115822
-0.7969341721423235
0.12241108207612061
0.41580177467009727
0.527549456570152
-0.4699596086996948
-0.3645003386486586
0.8688776649474785
-0.4124030623525673
-0.617521212481321
0.6009308957582109
0.6030525596696543
0.11964394580614446
-0.43084305100908094
-0.21386779751732476
-0.3326918898913813
-0.43590916953639214
0.3207292928393537
0.5974817227995655
-0.6922989986646455
0.5061535403064268
-0.019856249220250533
0.5982921077491221
-0.7342792336499582
-0.06023334353705123
0.9244015330233417
-0.45255209598777657
-0.7508191830083051
0.3809427228079334
-0.8681405000690203
0.5048579317717417
-0.019956987680830762
-0.3654723715169058
0.7183814938433375
0.9164847958906661
0.0977331440772311
-0.7998904728549449
-0.29469185013886545
0.5138135809173274
0.4593612715777107
0.2863431520838027
0.8517092195267337
-0.4177429469741407
-0.02197399552489354
-0.08371781060712169
-0.5943287003942285
0.572154021729933
-1.0
-0.8817512454951147
0.9163495451797017
-0.10170233083491909
0.809700721806647
0.6553244409958225
0.40174745355021635
1.0
-0.6677228251662124
-0.1507034768645623
-0.5631265479274806
-0.6439603945660223
0.2905670784253924
-0.14611456015607394
-0.7189047723147137
-0.8371714918450691
0.055255839410036645
-0.255595999798482
0.9055699702394986
0.5296713070343002
-0.08391182542009112
-0.8782282443035532
0.7193446654581077
-0.00613007430807444
-0.2263311971708566
-0.7070837669000858
-0.03350612407617226
0.9081083928934166
0.9304053587212211
0.7193446654581077
-0.2657452131492394
-0.8630708836784944
0.45068769012174936
-0.6853627825482844
-0.5753270015436276
0.8346316252732158
0.509295087854893
0.8891426987148379
-0.9999835460514386
-0.4003754498173975
0.7127899496230181
-0.09333003199717482
-0.3501985553658892
0.9271544912877547
-0.5828247413013712
-0.8744592267325653
-0.3502114275025189
0.5098405679636646
0.5975490683259903
0.4230461758547521
-0.8828464497866918
-0.43938828420415466
-0.6527455345394408
0.21873010908019275
0.5863516153270838
0.4206495332564657
0.40416554970955243
0.4628790959317146
0.5242864632108752
-0.038274784315714516
0.2353737817423962
0.2009736495339869
0.8107607142751971
-0.6768448793244606
-0.7177483320977932
0.6159793562418554
-0.1462349799270083
0.6279946562985099
-0.22049331010387763
0.2863196464430007
-0.9623846878905483
-0.09349485131184643
0.8690847384497824
-0.22564514959903448
-0.7141276239271039
0.5942424216337954
0.3940127918574041
-0.44749250680513253
-0.8640285519884737
0.539069645748325
-0.33750056568609865
0.8322657638712179
-0.3327374087513473
-0.4453719622099178
0.3227224219372049
-0.3368109736128857
-0.6076519214640834
-0.37305415326815217
-0.12043091652572468
-0.76272049936234
-0.6785071572003875
0.09082603018281543
-0.04775026257316517
-0.5631015498650404
-0.6973408653403356
-0.0589746724379121
0.9547251155269363
-0.023696903029873262
0.002498361393330484
-0.22267000706323048
0.3809427228079334
-0.7759834639085516
-0.21941102458710637
0.8464689540495118
-0.39020301065489527
0.8977541581201078
0.2817614176544483
0.007041665965500599
-0.00766894756979053
0.5217284525229555
-0.16035925831118114
0.6744533687910823
-0.835498114083208
-0.5860867086207718
-0.6238676422215256
-0.02633746328965736
-0.5750206820023815
0.5152505964022347
-0.32490322119053594
-0.3422161516811315
0.09776579080056735
0.0029972033259075825
0.5925628876326765
0.4319173166250736
-0.44009783741677877
-0.2281589472959218
0.8889134254406654
-0.46950078232229253
0.11038757370045604
-0.34463956459255374
-0.707545484844412
0.47144858097840947
0.5806227683160476
0.1277619733072759
0.8979117951556457
0.027076680247868357
0.40971437336047734
0.2995203023858162
-0.21981817586528507
-0.6139635591248469
0.2143101158458811
0.3257775955833586
-0.7980000410210742
0.5042410019770398
0.40653756735080826
0.49935611940242053
0.1277619733072759
0.40115925287205045
-0.487178983008844
0.27685769325664644
0.10681285077149472
-0.7909903231390305
0.2916462858225348
-0.5676335679985713
0.5290851584358869
-0.48025629196357933
0.9144440958530964
0.012607465912560345
0.8563435618188355
0.2029149169799096
0.4996559095989994
0.30363658781674885
-0.9205326146134183
0.19987224236497592
0.2818727896192008
-0.7140508574890878
0.4631171371830116
0.09308760862284249
0.6765255962357595
0.4538941580114786
-0.5385615675913343
-0.35134744019826625
0.2741978247919177
0.624340461917313
0.551372236970338
-0.012742808034350017
-0.671676809743988
-0.033324421741718235
-0.32228523380803
-0.22170301111801238
-0.35033016829911023
0.8524580420837136
-0.6285084205819425
-0.3279621258907853
-0.1565303573219594
0.40667841464291565
-0.07763376724618776
0.504895428865402
-0.617899448090259
-0.6566442062402498
-0.748671215165488
-0.12196120836302082
0.04833566682628643
-0.7413914622432777
-0.7934924612918691
0.60348107123253
-0.6320795057331605
-0.23093569103019407
-0.19628930925147725
-0.22538425564140208
-0.3381453851101647
-0.4323131795990861
0.5783729426964217
-0.7671457160723855
0.42683356886716073
0.9744383263935616
-0.7632511485310818
-0.38806185198580256
-0.7469482143841558
-0.9681771960120901
-1.0
0.5192607333441484
0.047458309455714165
-0.3080327937156744
-0.8206520632842479
-0.024364481883922373
-0.7615940008545363
-0.35930941636185065
0.45244333762641786
-0.27090945839926406
-0.8023719036575532
0.5072441274185606
-0.22464019017839387
0.41762103664709516
0.051010459507397465
-0.3549982766307771
-0.6991827934709638
-0.6741661690365494
-0.40581402081979856
0.5298205491981227
0.08160472998562529
-0.5460533376625252
0.1933738654467294
0.24114068550520718
-0.6962226684278945
-0.5500659930659535
-0.6978446509195892
-0.5117130888723496
0.9400021895131299
-0.7615859790882309
0.5614828339112063
0.10230461810782288
0.49722624717196706
-0.021252223110106327
-0.8868747756173215
-0.7717179363137963
-0.4754974257410378
-0.9111495732211853
0.29387857548791163
0.8780495286779024
0.2170494557628453
-0.5869911161335368
0.44737600650652554
-0.15587975476404514
0.4990844986642635
-0.17954154018000745
0.5071568207527242
0.9419740516026363
0.31452007261351356
-0.013159753329529456
0.036963227390298004
-0.3309735529276686
-0.7998298432258919
-0.05738496356414402
0.5022456342467314
-0.7571046100140472
0.7193446654581077
-0.3635120756950957
-0.12043091652572468
-0.6170590281552328
-0.8151333212569684
-0.43855532637731964
-0.38160078560851174
-0.19833793777899988
-0.026845726133825853
-0.12338339290789802
-0.7379490984583565
0.2847992418990577
0.18061328733448567
0.34412430788748316
0.2747675567523107
-0.421357685458277
0.4378972635767413
0.4030135867575466
-0.3284551846895143
0.6248779202597792
-0.11879587534469538
0.5688699479150163
0.28453526982179644
0.4164867962020433
-0.7590467169471413
0.5118820142120533
0.09429367185923399
-0.14629346419995626
-0.7579051076702508
0.4321631930899714
0.7061736713953519
-0.025656452640864358
-0.36947112874382815
0.8191559590956292
-0.2938948969840527
0.2810888951537225
0.3057160908169123
-0.6366773769714784
0.008872867315603994
-0.12317398749678443
-0.009220692968136213
-0.46131205134605013
0.4149785175839109
-0.20904522354610144
0.9678737232651189
-0.7235561841793029
-0.7501813593106681
0.8549696011481436
-0.36467150075529264
0.5582827088134397
0.19409246646553524
0.9190789978033127
0.021455847252898952
-0.7595527411588525
-0.9211256190237322
-0.3670436116729009
-0.0063819204595251255
0.28716193190507444
0.6084096071400673
-0.36628648752055826
-0.32123307655308053
0.6223036794865437
0.5386267696271814
0.2754022090539663
0.5726080910133633
-0.6738939886402778
-0.47481343024896827
0.42436734210999205
0.7127899496230181
0.587505816911547
0.8497080686625771
0.2625599208570297
-0.023414742063896155
0.1960106013760654
-0.763625839638629
-0.7166484173504204
0.9141403880497174
-0.22134986684786706
0.2248801920986181
0.4068261643851001
0.6027738499287154
-0.5529237939504519
-0.6189487137782843
-0.23685566128727542
-0.06688973059624492
0.5196610754486026
-0.01844292592885033
0.5427590985907249
0.9758484782889805
-0.1405863505790268
0.43740047372391677
0.1958255410929255
0.10896100516701646
0.4807105496652415
-0.15052587868961342
-0.4353324418495701
0.5039451293872614
0.8410936244140306
0.557181861302543
0.2168580526877426
-0.0367200540740924
0.214124122799217
-0.239607780064517
-0.7577009257348709
-0.7750384811824972
-0.30122921657241064
0.5026963455814757
0.41800085795402375
-0.5674139954650474
0.6341908178350155
-0.6433475689308257
-0.8363489809697017
-0.7667352068455209
-0.6611687622655896
-0.9891566333623979
0.5947987217994442
0.2015883406962311
-0.09138783178772814
0.8452229685342978
0.593348461072498
0.5222000577606349
-0.4672064638825769
-0.334458637281984
0.32071175688510456
0.12174434270924306
-0.34591996908179945
-0.24330404208064138
0.037241190920417555
0.9018165298193597
-0.14002865126809216
0.8632342590752309
-0.34963861742249713
0.29188712536440353
-0.34685347881650985
-0.7814474060788025
-0.45070251919625237
0.30527228193224487
-0.8584529580244129
-0.9927025805366472
0.5410840418545209
0.8884666317127214
-0.11475822187882678
0.8192512875277709
0.600032271379294
0.09079524898652691
0.4228034707858357
0.9540128573000928
-0.023440486337155564
0.41822154980377646
-0.5691773849069641
-0.01564724709504306
0.13630832581857844
0.6026660224653537
-0.8956786174993941
0.002327292563048644
0.5461021230603518
0.577754333927377
-0.7004396923194075
-0.4810135093922744
-0.7009140958476587
0.9302279470989769
-0.24536442342856501
-0.26639189810035335
-0.8829656569650451
-0.15436308127419773
0.22266319975503324
-0.5902351743932788
0.10905894533702498
-0.5109230381676135
0.3809427228079334
-0.35224559819542123
1.0
-0.7753696122334787
0.522914368067231
-0.09978876646565593
0.637868144751605
-0.8353298435434979
0.1277619733072759
0.12287335967856117
-0.2337942381255116
0.3224524801733908
0.8518179797536194
0.30511352558047844
-0.7232757021876688
0.9156126619958276
0.268977707006812
0.5549695327765776
-0.25524593364796566
0.13094344313456463
-0.7534908975697872
0.42562078973339723
-0.7973315294035013
0.4394206529639606
0.5523260809498693
0.41387375246621394
-0.6206764716535884
0.4116731767606494
0.49997286264441754
-0.4916696797182667
0.30540118985124676
-0.7313789920251228
0.40092419646402977
-0.3380081755958003
0.5069982509536628
0.4401054879432018
0.13630832581857844
0.3332880209250273
-0.6769986920295503
-0.7513743638577252
0.9957510401509557
0.9105766717303381
0.5858246039360853
0.4071031951516959
0.32054926947924267
0.9169728177663661
-0.62573596755988
-0.34900312563367
-0.23845124657124406
-0.23049831821384137
-0.6462896916378839
0.8289995991159598
0.18876023050485768
-0.3379578063655102
-0.9259075245053138
0.047812013383973895
0.5814458388495294
-0.8793025546921951
0.4351247172783266
0.4378972635767413
0.315305646053335
0.5177319339284905
-0.02644650334560028
-0.03006842410887056
0.8708633319371384
-0.86782737135405
-0.03530094764884406
-0.3874067721629737
-0.24320330362006115
-0.8765196547186651
-0.69133601360258
-1.0
0.5448343108786784
-0.030277829519984145
0.895931724747129
-0.5006408127383493
-0.7179972866823199
1.0
-0.3403046393916209
0.6133107198000021
0.40605159755486064
0.1363266079836467
-0.6314749816933265
0.5089964169745429
-0.5495942012755692
0.8922392870614526
-0.03575762867014132
0.41359672169961814
0.6001721859078777
-0.4185411127215346
0.5182688326128424
0.28470410001962065
-0.6323903958156736
0.0939468703810511
0.2820201662559756
0.41387375246621394
-0.02206447358671093
0.40740746261318916
0.39576302933363405
-0.3612797860297188
0.026668316377108647
0.23827281077465057
0.91575369584064
0.848731278700358
0.41387375246621394
-0.5482222926846299
-0.40866519908327736
0.4498773051721927
0.2190030356872834
-0.4395735310399994
0.1377209028991595
0.6626652899288479
-0.49524113797489444
-0.5587045026134163
0.42190447330150915
-0.46458176060269896
-0.10259722415974049
-0.4982422113366626
-0.8857303214116831
-0.42293545495893925
0.7735531504125794
-0.7761703897187394
-0.5505626896424256
-0.6723248938403877
0.2871376800534533
-0.2146317308433917
-0.6376342057942861
0.033140762469390905
1.0
0.5594204937598823
-0.4262872474056906
0.5451885744650524
-0.8237729967588361
-0.47444573486785035
0.43942083951666544
-0.650039587556632
-0.2829283962336617
-0.34435581792858594
0.5300356444667322
0.05586791883441422
-0.815589862363737
0.49779765810670296
-0.7135997730489338
-0.34095272348802064
-0.6606251476838658
-0.4193015015462108
0.9178160359919638
0.5399910295572248
0.06998809305908194
0.93884108547859
0.08978376022121926
-1.0
0.12287335967856117
0.4133663291092169
0.2807773521367427
0.42401979442099
0.2715556788341431
-0.6311037418108179
-0.007423257657597437
-0.3398638153502298
-0.04267462985791026
-0.3417786855884264
-0.6498670263047122
-0.8100814273733964
-0.026177214516252878
0.6191679150719256
-0.3998505837825038
0.29343681868299676
0.04415949797711982
1.0
-0.6260061891527513
0.32949409856795153
-0.8243424488901718
0.5076045472441921
-0.7715084376263303
-0.0603086175534292
0.10722606501257848
-0.31456717530594314
-0.11140279165433231
-0.3178582448472891
0.571331324301861
0.13630832581857844
0.5759807773630499
0.9165321802776798
-0.9021728436199593
0.6129392933647886
0.4974109343496975
0.5658138415053386
0.9357359157075555
0.10793104768393569
-0.7803440401063914
-0.46991082516739524
-0.6070418941194584
-0.5412807598161825
-0.5525341786265225
0.8815498170776572
-0.6237366822227712
1.0
-0.046214001049316056
-0.7578727407759717
0.7534623568714829
-0.7398180767311777
-1.0
-0.2299600203842036
-0.22714148884406105
-0.794144649547774
1.0
-0.11722202345083355
-0.3102511852045453
0.26957467566210247
-0.6543610809628208
-0.6472156459880508
0.35939010227219437
0.8784657277622627
0.9127442276071569
0.8518297325740205
-0.21655480940059857
0.26948736899626624
0.036539006539632046
-0.37316524540384766
0.9915287927837091
0.25752299782801624
0.09378755437117059
0.9226688315013611
0.3819900296925587
-0.012822839144699949
-0.6977968934271661
-0.8521167886829711
0.9233570244292881
-0.25625369135917786
0.3429870825991548
0.5102750492130932
-0.2538886694443513
-1.0
0.5041842899547873
0.570236633030222
-0.004464531759813983
0.04215853366566802
-0.23224109358188005
-0.46134451151668154
-0.8684109082145963
0.5892903800854561
-0.5274783781241046
-0.151391576516137
0.46993228059397163
0.5536121752966108
-0.4890023491453469
-0.06922229234044008
0.22788425030366266
0.5507788128164384
-0.6258465000374611
0.6113459467132774
0.639855490715608
-0.7430893716858171
0.8540562391055491
0.5228263151905757
-0.0318310673399681
0.916357753498712
-0.9612457836278769
-0.9531902512828462
0.906676041226129
0.5839760531844371
1.0
-0.7304653501534711
-0.3825562152860337
-0.748212668617143
-0.0470890265110786
-0.7156002709786238
-0.7324680867156184
-0.22571725221943129
0.3801021163202025
-0.4764368118859489
-0.5983619698715348
0.8976194670672579
0.7193446654581077
0.3232229428441249
0.6227883434135577
-0.8852751794502002
0.5758067236894917
-0.34260511407059424
0.9061341056187482
-0.6693089895385897
-0.3289117724344591
0.9187984225353263
-0.546076097092508
0.09625993736759697
-0.04467158328620924
-0.7648668815071664
-0.813199096175651
0.9789321944989655
-0.8127467525047398
0.04550193124070434
-0.8924713567606699
0.31662046951661216
-0.8808498228256261
0.8415600061759763
0.19810950585752596
0.9653157125771992
-0.12887018778448434
-0.8805214900652164
-0.8406115237211805
0.43022621635625846
0.31433575854119256
-0.8550777998513882
0.5196922297503006
-0.5648190473415815
0.06133447274253201
-0.6475707490615963
0.13357924630037687
-1.0
0.6572515304361821
0.5379150710584522
0.028502502570488808
-0.03663601208058975
-0.6207882167237506
-0.3345847469104142
-0.8502956145407494
0.4356646008059548
-0.9190306787872483
0.5718810951228424
-0.6234508834790509
0.3687895603024478
-0.08465878245002334
-0.31052448491704543
-0.3330839304004729
-0.06575604980930727
-0.8106823136354873
-1.0
0.8878594026586681
0.006877686138000438
-0.3775751647921013
-0.0655874994405401
-0.20944071528023145
0.4378972635767413
-0.11821028640439646
0.06247692150659412
-0.3998755818449441
0.8630518105299576
-0.9806733356653106
0.3083895776290899
-0.32521224574600116
0.5689473672874992
0.8177443147785719
-0.3381372700675068
-0.27622014752253965
-0.8664882027627991
-0.5519136110540775
-0.21538708274503904
-0.4198023022821882
-0.8144288049673731
-0.633942794148486
-0.8992626214254182
0.38030732429545866
-0.06911306573179243
-0.8130936006210988
-0.8281571252356541
0.2859568014322069
0.34189612238161127
0.13630832581857844
-0.09625452547363145
0.6004111599226987
0.3000482465403387
-0.34628300064529793
-0.4528959126226829
-0.17627089815983465
-0.36356822805923394
0.11321813789005675
-0.22576351729021626
0.48000295525601744
0.9285583003912112
0.0828365374952762
0.7735531504125794
-0.6006323162886864
-0.6523420210390054
0.4214209286907238
-0.32367327920793276
0.22003616456634534
0.30568904067471947
-0.43417637473805915
0.5044967657352908
0.7127899496230181
0.4457654970061746
0.45424469054375693
0.6761123819946755
0.552002412007079
-0.10005488389902217
-0.7515337731439582
0.9757891545288611
0.4632661927941295
0.8958802362006102
-0.33461030463096875
0.850155795154045
-0.844977276756578
0.5364342156879223
0.8325858883126174
-0.06952413461677132
0.9227990452892965
0.07959014732672465
0.3777909148607044
0.4049526155710119
-0.3451532374651607
0.02858421265518163
-0.4919958671225715
-0.6392255936423972
0.7114139368725736
-0.5400380389733019
0.5373416080439637
0.6058142859111919
-0.3275624367207979
-0.3410831238286607
-0.1462349799270083
0.08459367742158275
-0.04288636717783356
0.4049932840606536
-0.012137257954639713
0.41943768688622596
0.6039728241623255
-0.03548843311714622
0.4206959848799554
0.4784957959541136
-0.7946837868645832
0.25224299662467664
0.42335697266091277
0.3315874064682687
0.09428490388210942
-0.5443704457127203
0.8099762601516045
0.9030880730551285
0.2962132825882118
-0.7674159376652568
-0.7128978684972056
0.6209522916931298
0.020525135808760142
-0.44842387118373805
-0.13448085365704343
0.9569021855916988
-0.07878731589618426
-0.9003207950050969
0.5700097849412116
0.550481074699612
-0.8370186585416795
0.28488934685546563
-0.5140490085652307
0.2847061520993732
0.11647870606417143
0.9277374684901869
0.2994348612470279
0.4205305126308172
0.27595440506010993
0.32721162622498934
0.08994680728519544
-0.6260115059048376
-0.7564245321287779
-0.3759931978555815
0.8540864606437233
-0.24969561757540237
-0.6753037674302873
-0.4411554047001669
-0.7646397535890989
0.47752273704599024
0.29026728822881376
0.2726462659462767
-0.09626189430547016
0.8740905071770979
0.19162288175968034
0.6352155518423626
0.07793188033395038
-0.9554328946233382
0.40115925287205045
-0.011770868442455229
0.5561556348735577
-0.296255534910317
-0.45067397663242126
0.8684974705351403
0.21541917167578783
0.09122637228726949
0.6890464541223631
-0.6476788563540152
0.32899264489750757
-0.6784140674007031
0.851536471722109
0.51153558583928
0.22486358890789293
0.21335030217979667
-0.652247252264978
0.22209421400545937
-0.15120754227287325
-0.20121859136983367
0.2781825905659818
1.0
-0.1974671097530949
-0.5714888661955193
-0.21031033071355532
0.5360101813899611
0.5692652530964415
-0.027294571941522405
0.6077439870894183
0.6542137061915727
0.28078817219361984
0.397859695182637
-0.005152911240445812
0.5688764772596835
-0.6736289905231403
0.4871117326242984
0.47097753539884435
-0.6249683964560698
0.5951548509128659
0.42028668824567195
0.13364342043082078
-0.6288250005219511
0.4384918070468695
0.1688205446546316
0.5047025333686612
0.6161675879209767
0.04406883336259759
0.593102771160305
-0.6213590680003721
-0.24614057595679506
0.5572132021569458
-0.40450339479237885
0.8397390652246355
-0.8325290345103092
-0.820601274310372
0.222016234974862
-0.751169622264231
-0.015024161061083618
-1.0
0.5374324592111908
-0.2757574035383371
0.5391321409044256
0.11383954494967319
-0.864128824067292
-0.12702760671938929
0.13238325691004338
0.6076779474319269
0.5621585278079131
0.5174338227062547
-0.9487560800429713
-0.05596268574291452
-0.5551170941005301
-0.010857319847155988
-0.12043091652572468
0.9224462741245607
0.3145732401343755
0.5051108972394209
-0.04742276929992695
0.31544835887249034
-0.051354460829481474
0.8211852794182073
0.13076472564338704
0.8303524793310118
-0.5919897025817185
0.12463273823732512
0.9665131943891709
0.412822714527493
0.9860197048589019
0.3055058459186273
0.8911988826269042
0.5967075290747355
0.9176677265916651
0.2348346444255871
0.036290145231457904
-0.2502656293648523
0.2170121452218896
0.22089934393135446
0.07886165901456543
-0.6562431179249764
0.13630832581857844
-0.988976423449582
0.9591294383340467
-0.5813577841073473
-0.6189131754880242
-0.754998336700748
-0.2444889315850406
-0.47974905515928723
0.8902086608699409
-0.21939059706593322
-0.22172231932295694
-0.440815319119356
-0.07989180118482408
0.2691150097975288
0.918807003959746
0.5307294339758026
-1.0
-0.35657278145910576
0.6264971977372547
0.5344783971310267
0.8843272137463962
-0.2336881829128451
-0.7925250922412413
-0.1462349799270083
0.015125181216248063
-0.5692628260457525
-0.9409256235362555
0.3331779548292082
-0.1517479854586159
-0.1781374512474938
-0.7402703737639126
0.5111949406003549
-0.25606490002194227
-0.9806976807932841
0.5088428840985104
0.607672723956193
-0.3403491322117105
-0.7754879799246605
-0.5827162609035428
0.49393098019476356
-0.9700276122907857
-0.3386197886384159
-0.11109442003333381
0.017212892535421798
0.26938178016536174
-0.019994671327196012
0.9141040102722857
-0.03197825742403815
0.5288213729113302
0.9000834551919694
-0.2552734501719204
0.29046783238645046
0.24231410201826242
-0.4815220520654999
0.9089969434262755
0.3002986002701513
0.10905894533702498
-0.9486176112978497
-0.4037741602694005
-0.9659629086827243
-0.38064003917890366
-0.39252353974963217
0.20797348012267736
-0.01644326748633196
0.12505639942987656
0.5025028904266207
-0.1462349799270083
0.4187642316219764
-0.04841420364947102
0.8349489514240438
-0.8995229557249363
-0.7101985441354164
-0.0963710276377655
0.9044349835836276
-0.8696860425899321
-0.12825521679318275
-0.9782114462585277
0.9170211349169035
-0.45595500387563714
0.5334180315570671
0.591144713970952
0.5820967212365009
0.5089915666042186
-0.6608662670547917
-0.12773240283804166
-1.0
0.3171467346967918
0.3095413540283909
0.20211684450886813
-0.6586880776738004
-0.020030489446513422
0.28022627544682766
-0.5517759351579512
0.5810458698504848
0.9146668397826017
0.07102215470166784
-0.7451122559400805
-0.07055455848161407
-0.8221731674008338
0.8480561444617654
0.9231990142883411
0.9224018745808233
-0.052068211477963144
0.9431786224173897
-0.23199260537911537
0.850468644039958
-0.6411307631399454
0.8531141479464188
0.21108107507887386
-0.439142687568314
0.2688642829623069
0.5190879855395238
-0.6583371720361126
0.8309612008067033
0.9073276698239194
0.47269195475575687
-0.07639169933777401
0.8424106865097651
0.0021868183763507076
0.2158441387372727
-0.5861091882216976
-0.3471024334010365
0.8326394289388888
-0.6210985471481493
-0.7225103697163159
-0.8212358333356753
0.5900365909045691
0.8529014778629715
0.8199538450139658
-0.11874998337931997
0.4065411118521989
-0.6404951780747659
0.5330182491107271
-0.6447247942738512
0.5187077911271856
-0.3443063814618197
0.032324594385986005
0.4186217053555259
-0.04774475926837418
0.9332874114573406
0.8858045246155355
-0.6762089211538715
-0.32582880243529333
-0.5817204425654363
0.6306483685239808
0.8885649449881396
0.4761081078856566
0.6409680910469056
0.4429086288852
-0.5283358676316179
-0.22043631825256782
0.08560535273959524
0.5012917902672
-0.23148145096802286
0.6033348139119838
0.413620413893125
-0.7133407446183493
-0.3184187424487954
0.16670485042974126
-0.5755921862134699
0.027510601839182636
-0.45198544214701253
0.5135081941396056
-0.1339416230638818
0.8102766100062975
0.10499265603097285
0.2059521815664047
0.10119220432922993
-0.9652206621085877
-0.782855505894469
-0.8544583049569957
-0.4648418150731599
0.5616376726561723
-0.6268164808259558
-0.1255160634289233
0.8355707315890697
-0.2533245340651017
0.5040785145711779
0.503778164716485
0.1277619733072759
0.9538514892104597
0.2303083161495516
0.8415993687966845
0.5111649056148855
-0.6353961329950611
-0.33021288427393525
1.0
0.4523267421859314
-0.3379690928041492
0.9180966112599502
1.0
0.175590915416445
-0.1441603272971691
0.48139725017153023
0.4721244614278213
-0.7190619429684895
-0.5568148169903648
-0.37092577345933675
0.5684002082043846
0.03116087861357908
-1.0
0.37185499434736435
0.04100787658259564
0.41160303294365264
0.4378972635767413
-0.4281576248237976
-0.1983112607422166
-0.7925943032947141
-0.35325391556474783
-0.4138978158996033
-0.6193775051702173
-0.3911060190223745
0.9418483150796157
-0.3345492086201539
-0.9006765043749327
0.27586280768206395
0.6002742302373913
0.1384353997584602
0.8458089305800063
-0.5531849677371414
-0.3685803395785119
-0.5601381601496374
0.7727203791384492
-0.4129611347689115
0.914277877393139
-0.6822669404124888
-0.1474265853287795
-0.8594060557931251
-0.6134755372491469
0.39928756958501
-0.4002734987642361
-0.16719287043991415
0.26026756122071437
0.4960166394341847
0.4892925337431564
0.07743770221899271
-0.6236373429074769
0.3169211924767148
1.0
-0.8255541087077067
0.5810900828415173
0.12481145572850272
-0.7283266166695406
-0.6571088157514999
-0.02963655459730885
-0.8105424923832559
0.5197295402912563
-0.32268781454494144
-0.536694734674618
-0.13702207460153304
-0.5733206272037372
0.08425023389208586
-0.0973547200500614
-0.035197690726749276
-0.6530830083823849
0.8467926229923022
0.5661212803628131
-0.3483255662099153
-0.6722457022172094
-0.39405504417950954
0.2328778931051676
-0.9064467194482535
-0.3300429347598822
0.2877210303612949
0.4792593561747711
-0.12825521679318275
0.11647870606417143
0.4259412872802062
0.15374335505445136
-0.42452180588402133
0.5926386280308165
0.4117464919736271
0.5665132275955522
0.1866883761655902
0.6218432674111509
0.27140065353647236
-0.14213464475233417
0.5587877069852745
-0.24675825196231593
0.1251571378904568
0.6255985733583376
0.4195330153183676
0.13630832581857844
0.20168087083780128
0.21827659945487676
-0.9987321505077859
0.2405849449976727
0.53647395141404
0.2593745334229407
-0.16343560568932736
-0.11743226834911857
-0.7642214091486336
-0.8976879300443849
0.8144714341259418
-0.688224221210526
-0.9787322081339164
-0.5632185184109364
0.8349926047569618
0.44048064543251075
0.03702889394237974
-0.2548564116003885
0.4626589637400762
0.21351334924377308
-0.6488968589635127
0.04122465082554805
0.4008635668349769
0.5277755584483432
0.946613617370472
0.0454508157995952
0.41155732753098206
-0.13381504705368974
-0.40441627467924735
0.6221456693455965
1.0
-0.7664362561361137
0.2097345376557842
0.88117316716671
-0.18346726202300911
0.020949543212130717
0.5297302576890102
-0.05467304689478225
-0.11042721428469437
0.42805977979566845
0.4486438186881987
-0.21227081308807028
-0.6920645019147391
-0.01672309654349935
0.4214209286907238
-0.24960038241961302
0.9437586147765453
-0.6487579704748052
0.9570958272992587
0.6665970747347547
-0.7340158212308113
-0.049587153780764504
0.5337913235193283
-0.6811986463485761
-0.8377460741757862
-0.4105238236809834
0.7183814938433375
-0.3422489849571725
0.5771698643033065
-0.0753989591192964
0.5915937463313534
0.41149352650594784
0.12287335967856117
-0.45621589783326955
-0.8288552054569345
-0.022618908225311984
0.039066795689377765
-0.7473733679983454
-0.4795457127110788
0.52355890766224
-1.0
0.6009077632228184
0.11647870606417143
0.46182861765110816
-0.4321800742442268
-0.1857904961319654
0.44022133717286893
-0.8716285226284359
0.5996043194745326
-0.5383061769384929
-0.41852236417470434
0.5762451225457206
-0.863866344411669
-0.41608057582186153
-0.15436308127419773
0.5044827742824325
0.3015141776944865
0.4166231662292361
-0.39036503167899517
0.09352097055604247
-0.31628411312437
0.13576172639357798
-0.334374968393891
1.0
0.05907718501471493
-0.12789059953169357
-0.35364950057523015
-0.7947844320488111
0.7735531504125794
0.411807308155385
-0.4590344293734121
0.26900699578146225
-0.5843800312011078
0.28811204483051034
0.6004214203214615
0.6436837387703629
1.0
-0.9286200008327898
-0.7877971004913407
0.8178422549485804
-0.8308013232731815
-0.01880819612480611
0.11647870606417143
-0.3632327130196902
0.9605261584347216
-0.13835424746635472
-1.0
-0.6569810271487269
0.30460405014372904
-0.6023581153605904
0.5124271212154154
0.3410325699111927
0.664860269053269
0.8944756808863346
-0.2558512038986187
0.11647870606417143
-0.8015650632093871
0.5150019216467652
-0.4598222414456907
0.23871102307817482
0.0920414210544458
0.201679378416163
-0.43908000585950857
0.9159712162944114
0.8121639637205393
-0.2703846856407227
0.03956172001515457
-0.6543593087121253
-0.6525627128887581
-0.3208593182090572
0.13630832581857844
0.5390444611331799
0.8713966861200995
0.9421287037948975
0.42946862582215384
0.1277619733072759
0.18468983703930064
0.26382978511845545
-0.43726111698792036
0.49914606105684034
-0.43083530907183254
0.31189676847892156
0.5147629476319442
0.28537326457166046
-0.3406973328351791
0.8058648250909961
-0.33710460757020677
0.9226970009597826
0.4642017546085926
-0.6584864141999351
0.3687257592774136
0.5422360048065267
-0.23892481061232373
0.5907898907264637
-0.9889558560138803
-1.0
-0.11708350806753565
-0.7907470584119995
0.4080762540598193
-0.3902071148144004
0.2672386626928689
0.7130783601046053
-0.8101155665183708
-0.1874293616434426
0.5114165652136315
-0.8070070854368265
-0.35228374822354835
-0.09096267817353854
0.11884848507296986
0.539114231844767
0.9140683787056729
0.25728887418351953
0.921665924160473
0.9124102982656037
0.6152618745392782
0.8074785059873282
-0.5672564517058621
0.8269072239791666
-0.7618110549265459
-0.25434441770212457
-1.0
-0.2378454166624766
-0.5566371255390635
-0.808204240781565
0.7534623568714829
0.584906018417757
1.0
0.5754209326960102
-0.3146930983816685
-0.6878988732933926
0.13251141861822613
0.5201354789768537
-0.11730475957540265
-0.694561416591844
0.22124838404199476
0.8262867496830739
-0.12578712450896612
0.890857304624455
0.20495916151886995
-0.45752978853302295
0.8281856696650121
0.41229756866354217
-0.21688864546579933
0.5950140036207583
-0.9531899248156128
-0.8447918900062046
-0.7279092982689517
0.12640349651108052
0.7332090759245244
0.05579590949036972
-0.7765314624788378
-0.7118191274818253
-0.7258027451265954
-0.12869893240149788
0.9157988415951963
0.4600994606305182
0.9047280578828343
0.22329915792562227
-0.158454088813633
0.3113412145240917
-0.5919146151180452
-0.6046362969913426
0.17468893308884192
-0.6166102756238887
-0.9789400278470394
-0.6670218533780081
-0.3462765645769831
0.5290508327382075
-1.0
-0.5502632725512565
0.2178451030487245
-0.2105750490016357
-0.07345153543411598
-0.36461618787832595
0.60096522145589
0.28235670733539564
0.504318234796818
0.8607217672472769
-0.3400084869727854
-0.5461023077475294
0.8088791436948035
-0.912180929849552
-0.7850748301468637
0.6055990040898778
-0.5467086973144113
-0.3358647782942503
0.3684795097071063
-0.13169478228753217
-0.35242674087176096
0.08270968165602688
0.5302884233817067
-0.5180072838552161
-0.5545166742202012
-0.678115396520353
0.9124545112566362
0.29018856298739726
0.24401117197363043
-0.9517723108120028
0.4215996461819014
0.12191951569902981
-0.47513793867893017
0.2956733990605833
-0.6269694540438739
0.9096360729928459
-0.04821524518982501
-0.6102648719235604
-0.4421530885653211
0.6073787168934626
0.18443481949186857
-0.3365583812506159
0.7183814938433375
-0.30348445222047526
-0.8612507822143252
1.0
0.8399828896097807
0.8795632173244734
0.8423071497586132
-0.4594225522757033
-0.1079834671284513
0.9646512118427788
-0.4132002020600849
0.3901158924072907
0.9701446293403848
-0.34938845024538956
0.4859084676784786
0.41354821799637587
-0.2394279432571107
-0.027974463274086814
0.017755014695507443
-0.2972493944450233
0.45828411626032084
0.1280356461251857
-0.6447780550710654
0.04028144035018921
-0.7519561284675762
0.48648752727411027
0.1951580555152288
-0.6635777173423916
0.4214209286907238
0.6159418591481949
-0.23942271978137697
0.6277288186942007
-0.028045633130959757
-0.35760385825841523
0.2869886244423354
-0.390003772366192
0.41515536954804055
-0.6735691071049065
0.14547403330974462
0.4980448404405342
0.21312289443267196
0.29385301776735706
0.6097725612011773
0.27991268035009553
-0.7110166710222214
0.3144689571724044
-0.6787210398764157
0.6004044440253267
0.4656475380706242
-0.32762978224722283
-0.011391047135526633
0.55219922511062
0.5169222951897527
0.13182938192955684
0.4833454200675298
-0.9599293278284329
0.004306616760746174
0.5333005033530567
-0.11553689286857127
0.5540582228137356
-0.9294482948420054
0.028802106214362633
-0.23296342565478156
0.07536808651218263
0.43535865437011845
0.5566697741279267
0.15396442000961352
0.06269947888339455
-0.24131389782606671
-0.6695168092517128
0.4378972635767413
-0.23094716402153792
-0.9617465377256781
0.49861550516445097
-0.5926806005238647
-0.32253409511620423
0.876251906814659
0.28221753901763114
0.6034997265030078
0.17826309635968896
0.8364402537460414
-0.754542681719327
-0.3332972534183869
0.8712276693695704
-0.8429957605645992
0.2928639153266226
-0.617061453340395
0.14384281645916341
-0.43835273013993037
0.3686511381955022
0.5714333686313746
-0.675137828799387
0.8334401131477971
0.35269621811934004
0.5505937525332982
0.2638475076254094
-0.7615870051281072
0.17488947724647863
0.2679744265605144
0.3030289856572861
-0.8301059480661204
0.4718815698062
-0.16127383294635667
0.2846266806471378
-0.6265762942185538
0.7735531504125794
0.4243251811987121
0.595567878601245
-0.5629403683281119
0.2845233304486905
0.8431046625715404
-0.5133565249250938
-0.8782088894604324
-0.6243478288836248
-0.9572635829535037
-0.8051398794147009
0.5759874932604219
0.4468719410982145
-0.03971151997156441
-0.19715780536857253
0.514691497946014
-0.4458110140006135
-0.04828454951965022
0.044872875520192146
-0.5482274228840112
-0.39706833674344055
-0.6576185710173066
0.19867102949890847
-0.8494565004746567
-0.40562075221764826
0.9117887046532824
0.31052131538659133
-0.39134415355002394
0.8995469296130272
-0.6740422047642242
0.9044715479137642
-0.33500738206308933
-0.5377354189382237
0.5110151037929487
-0.5968866178057959
-0.7183520166504558
-0.22018335278488854
-0.6589861888960362
-0.6045786522055661
0.4159355329594234
0.9522234437558597
0.51976834325385
-0.7482023149420278
-0.6462682380768343
0.986242448788407
-0.4477879130131489
-0.46133387801250914
-0.5797567887949402
0.29028072002355776
0.518134514665402
0.3899371749161131
0.43911078892132394
-1.0
-0.3198287077915096
0.14538206282628896
-0.024126347356272837
-0.22648361073066048
-0.4708273586059709
0.8456257358239141
-0.8008767770051076
-0.9339440751126333
-0.24908503057266307
0.2945150933166152
-0.30789175987086204
-0.02551569862510905
0.31005381430841683
0.7183814938433375
0.7727203791384492
0.7193446654581077
0.9139889072534375
-0.34077624462930034
-0.4159109994132181
-0.2685206510145782
0.09325755813689551
-0.5641227393709967
-0.652341181551834
-0.6538142017087633
0.28393979358814403
-0.6327121992314161
-0.6546760752048388
-0.7095051277317554
-0.7103930253301477
-0.823365985395186
-0.33058552330172986
-0.5537522745123722
0.5796804906042126
-0.33239144676033594
0.3068867090393961
0.7534623568714829
-0.34912130677214703
-0.8436276145756834
0.43776070699684366
-0.17295594987227714
-0.7292328897093534
0.5140318475819181
-0.377828223536133
0.8382268689997028
-0.5694088035372415
0.8156931677895347
-0.05260697568936279
0.25056439538708175
0.4264992664201981
-0.18657271162310074
-0.8730522462331275
0.44300712871332304
0.30776201433021577
0.31398597221973334
-0.9773236885746641
-0.948198940390151
-0.7945628074355344
-0.36322534418785146
-0.6507010101714233
-0.6406444202385884
0.4244124878645483
-0.2350477790252692
0.44910236523654357
-0.7576963551936038
0.7727203791384492
-0.02034818870275079
-0.016106912959616748
0.3931628577344344
-0.3140099423767704
0.8156439178754733
0.5545540799030362
-0.3312801522979717
-0.8759007661205632
0.08353629669089946
0.1692059625427036
0.6646854691688917
0.10121701583896536
0.09154313877998299
-0.2302660600963924
0.6210423966495378
-0.543845672954179
-0.3982388616895719
-0.20977026063322224
-0.746478194844467
0.7534623568714829
-0.15056468165220727
0.8257487316824934
0.6173008956025048
-0.15398531204702182
0.23906416734832003
0.8395739660809067
-0.9708421013998477
-0.17274365289423943
-0.4988282666587235
-0.6449924041288557
-0.1462349799270083
-1.0
0.18715289240048816
-0.409198926371648
-0.27437047745466303
0.6019263409909077
-0.19497262026115214
-0.4246696489025581
-0.7114150543232755
0.2912942608686182
-0.4041730099522165
-0.13435912801717553
-0.10800883829630115
-0.8660232667843154
0.45006180579721833
-0.4445048652381084
0.008015471084443115
0.2855445199546469
-0.35067202613061643
0.146772067029592
-0.4650343374644911
-0.4216738922928762
0.3220331096930491
-0.3306130398256847
-0.8910163389397516
0.8389424851752323
-0.885383706486205
0.43850094812940377
-0.3365110901399546
-0.33770950471545025
0.45104568476221907
-0.8322362400401597
-0.14250551152943336
1.0
0.14977743110357
0.2854646753970018
0.81039656339547
-0.5350964443764302
-0.25240417629607814
0.10905894533702498
0.826492890421854
0.8303140494738275
0.5245360707298685
-0.8714484992683249
0.9076690612736638
0.2951816461307879
-0.5439957546051731
-0.22405730625231424
-0.4120289309031345
0.18272674292691882
0.8637870147394888
0.12287335967856117
-0.411938919223079
0.6307972375823938
-0.38499828346793374
-0.0841965981239352
-0.6040772918114745
-0.04061779301137736
-0.5998194128776151
0.6010249183214191
0.41525069798018244
1.0
0.5167232434537543
-0.30918167854805145
-0.6398941985363226
0.018043425177094674
-0.17009105998499707
-0.3134336810717103
-0.3304030747564567
-0.14109228151438546
-0.6472990350470866
-0.12449599323919569
-0.14217867119066185
0.7727203791384492
0.4067965025050404
0.19592348126293402
-0.8060025923979479
0.4137830878516917
-0.042457295956843555
0.5386788178318145
0.40115925287205045
0.9184723284073737
-0.008784159638955069
-0.13944436819672656
0.8952476359787069
-0.640776872658981
0.5613186675310013
-0.6349544694664986
-0.7902956941427886
-0.3417056502045057
-0.8570369297187934
-0.7628335503014356
-0.7323102631273759
-0.9228445622837355
0.20114770320754483
-0.6720490756663731
0.4063144503158933
0.8779504691916651
-0.5243294617437996
0.21281433625896873
0.4040845858356785
-0.0026799685859050237
-0.025522414522481163
-0.6006885619291771
0.7193446654581077
-0.6359795765792552
0.837397082568849
-0.43915248158531484
0.8277493228885358
-0.5405334296808407
0.4689857121699268
-0.9174123340732968
0.08844225972115849
-0.3350714629171807
0.4189407104806966
-0.7319021790856735
-0.6829484174430439
1.0
0.4485371105410656
-0.7826662481754714
-0.8528969520943539
0.5313655786990965
-0.9228123819421612
-0.24679313731810948
-0.3708685017789699
0.43488219876211476
0.938023238420842
-0.45290066971665477
0.8855700278656291
0.12055320368923383
-0.8799690142300155
-0.4352760096563747
0.5324677320789266
-0.12073928814672308
0.7534623568714829
-0.7465870483477051
0.4797249917258979
0.22392634811908674
0.4234765529446758
-0.5830144654021308
0.40889372801215784
-0.5605313199749576
0.024355249390562772
0.9188499110818451
-0.1462349799270083
-0.8015642237222156
0.844049925126652
0.4090800941642312
0.9902973583794676
0.3310064813455891
0.8610086853072261
-0.33383620418249127
0.07248808585581568
-0.08697446117443608
0.5932076137803903
0.4549472480299519
-0.33221450151985377
-0.9103121847676118
0.8986828174844941
-0.07139376582405921
0.9099903365792199
0.21352099790466883
-0.39293125068592516
-0.03169432420736562
-0.03632866649946753
0.42425578359253446
0.4626259439113305
-0.720034535494851
-0.8443042412359141
-0.4598433219013307
-0.8001610675532258
0.9322970031476727
-0.9928330275154633
-0.2811165963648551
0.5128983533476854
0.8819736648229135
0.5025526999987964
0.27729348037500845
0.49975627495416997
-1.0
0.06283995307009271
-0.8972674402478146
0.055716811143543765
-0.024396289120087067
0.4205105514914058
-0.6423002620462004
-0.4060997262871665
-0.43672934850294987
0.4231907542009554
0.855884642165081
0.9543447345618934
-0.33300259342118954
0.5889946940483823
0.7193446654581077
0.521043990649124
0.5977598728823899
0.6009335074960778
0.47473526653119325
-0.10049906588909918
1.0
0.8246870602396004
0.19428424264604738
-0.10475395997968218
0.5964176261715102
0.45803227010887015
0.17998143332340155
0.5772478433339039
0.4392221608860767
-0.12449599323919569
0.5289560639641802
-0.046097871990591566
0.4348930188189919
-0.4407911605440873
-0.3955575396637937
-0.5839448037408601
0.7061736713953519
-0.5097065279797544
0.8669653131707964
0.6856689174023523
-0.7291178799668576
-0.6650016741379641
0.8737401611975242
-0.8565046015757086
-0.6072704211828119
0.2970686267396201
0.5740660004012057
0.5050851529661615
-0.3431455572563369
-0.10972204506063243
-0.5637919814254247
0.21150884043093043
0.4890306137456477
-0.8425110033612329
0.28616089009123424
-0.3374336865414356
0.4995352099990078
-0.548292809607036
-0.8886111149170454
-0.34320786585973284
-0.0064140075247469674
-0.5917621082818889
0.11647870606417143
-0.7150728864822156
0.33552497440802376
-0.5989257321453747
0.17837969180017543
-0.13892743065178603
-0.20701310493295166
0.19360034043033014
-0.6767311754508982
0.4417768136253104
0.8935229562230318
-0.5604672391208663
-0.678832318564816
-0.341507717784736
-0.06807639235133944
0.6503692280515021
0.7127899496230181
0.06464205219825092
0.2902943383710066
-0.6207385937042795
0.3158671696947175
-0.397234555203398
0.5893390703414032
-0.5633943443351899
1.0
-0.5630536990962647
-0.0005226731078490365
0.8062209542044179
0.4494616657459467
0.8476511385396919
0.9566449294118096
0.04305641183376596
0.11647870606417143
0.8190326477577707
-0.16970041862119145
-0.07267323754978106
-0.6969769942896655
0.9865435448539193
-0.6049181781282627
0.9539022315461594
-0.46833286911402816
0.56886267235953
-0.0048281229814268745
-0.6664617288819112
0.8218553767337708
0.3348147682609328
0.500369660247481
-0.364359957738313
-1.0
0.5089411973739284
-0.1630197797103765
-0.03142960591928523
0.8492416869006314
0.8888251860113052
-0.7979029403382372
-0.35675047291040707
-0.3352055943119162
0.26578653643887473
-0.33857035217164966
-0.5739110665143604
-0.06342218219617868
0.4713983983008241
-0.40168626239752203
0.5203789302565893
0.5459888855685513
0.0328820138678636
0.22280572602148374
-0.7008950674717713
-0.34410499781701154
0.5112693751295614
-0.5488362376360552
-0.9895594006520142
0.24455777139863089
-0.0771904247432822
0.28994884276175714
0.20584248857599508
-0.34337035326559473
0.7127899496230181
1.0
0.2814375621589531
0.5924571122490672
-0.548872428860782
0.9142101587613045
-0.6122545497963732
-0.6825793229166401
0.4291572693578789
0.4534658330013075
0.5103713104087588
0.2959834496559248
0.28560458992558546
0.08754923192338504
0.1960193693531902
0.9385974476461496
0.2730561222386747
0.9205820529457114
0.9981618607548055
-0.02531123686067216
-0.6655199175518381
-0.6638571732941494
0.9018991726675765
0.8124529338602409
-0.5475529415798853
0.5188406166529878
0.036132881301329745
-0.396178200512591
-0.49083383032450756
0.24496482940045694
-0.7767157765511588
0.46261885490854904
0.8644444264711275
-0.6259314747944877
0.8190613768743065
0.04459547164818667
-0.8894451454219329
-0.6942336434895486
0.9110234654582821
0.2768457538835407
0.6512234528866818
0.4140741100711458
0.281164262446453
-0.723864462523949
-0.07509711684296516
0.5314306855930642
0.20095779255408064
0.5534780439018752
-0.8540821214278103
0.05862610057456097
-0.8115087887558312
-0.07079745010323546
0.5324156838742935
-0.6187009717863388
-0.8708024206135014
-0.42242775177288516
-0.9047500225982951
-0.3539949029081271
0.5727006211549335
-0.19555195968584116
-0.7366743838266065
-0.3467303540313562
0.04202141742765608
-0.5748991429152186
-0.5293955802711109
-0.6465862171621289
0.9361079018008833
0.9181589198633462
-0.35827330263951207
0.8841091336345104
-0.7021526192546816
-0.15579319430902805
0.8606186036015346
-0.6182358026169742
-0.6219557568266054
0.4307069626764721
0.9322720050852324
-0.025953910928633306
0.3236736541788694
-0.03454839403776844
-0.2402250829646283
0.9172332453422365
-0.7120432705566163
-0.3432551569703941
-0.3950111267914982
-0.15810747388815494
-1.0
0.5227136373568895
-0.6357938633616484
-0.9594286203688079
0.8383154815344724
0.3041619202334045
0.42309542576881376
0.5244291760300306
0.4133383462035003
0.31687418119511057
-0.050442404655820505
0.20953436660355718
-1.0
0.4951060756821619
0.4679958635183732
-0.7681701702506754
0.5439478124255721
0.4053089312371385
-0.09057604769288552
-0.5359191418045024
-0.06207648426026058
0.9504461561374369
-0.36576246097283605
0.5146470984022768
-0.19205782752534395
-0.4634989154278134
-0.2775353440912265
0.1833914302140438
0.7727203791384492
0.5291491460136257
-0.03224241605400424
-0.11887609300775004
0.5157423493320301
0.26985282574492686
0.01346747388158831
-0.09012001960605498
0.9099793299696379
-0.002075351269718584
-0.9571685343504192
0.20728976445966496
0.46531659357234756
-0.7840887125494057
-0.44109048435890397
-0.6468611025726196
0.12287335967856117
0.15335831027178903
-0.5691578901493147
0.6018401536413003
-0.6602712572029014
-0.5188966738752466
-0.3894615569297539
-0.19439850431219707
0.8330114150322165
0.464422819563755
-0.35705418071378603
0.9567150732288061
0.29946526933790674
-0.6258170247101063
0.14458641554040974
-0.03943766060095
0.5090523827859763
-0.8182855955859593
0.3401628612015164
0.2811437416489273
0.03974827271993275
0.04890390636504116
-0.7679578732726378
-0.0055609020057959535
0.3045115200021591
-0.15436308127419773
-0.20324194200585888
1.0
-0.33265411296866376
0.4663021515116912
-0.39647556552400764
0.27324510012861514
0.5586420093228426
-0.41354401869499124
-0.3996025619615011
-0.5787265514828022
0.8758176121179351
-0.3465731833775806
0.3067079915482185
0.6018991042960102
0.9028934985840447
-0.9745919973185958
-0.1517172042623275
-0.8890062801839419
0.31215924813454454
0.0960567814720934
0.6267602370509919
-0.36945331296052186
0.6003102349094136
-0.06798470169694093
-0.39886651826479846
-0.3245113672341492
0.9196453718150195
-0.8407082046604318
0.7193446654581077
0.19830837104081955
-0.3392516426494999
0.43946113490089744
0.5432226820620989
0.5211520046651905
-0.5929182686697523
-0.8391159306869731
0.12313789141393672
0.23355022905318856
0.5009862169367731
0.8890137907958362
0.06299647078940174
0.9961110868711778
-0.21143039315304413
-0.5922955557412024
0.931531950505377
-0.32635348191748226
-0.14196404230381443
0.8972282660453379
-0.1250144232057745
-0.8462867834677691
0.08500633200455221
-0.7699982002047977
0.38406841337649333
-0.12821949195021765
-0.4219470054526716
-0.05226371871257085
0.8724764531753562
-0.9186452608991764
0.10531837705351577
-0.6617513663626122
0.9624929836011991
0.40115925287205045
-0.13672489614282124
-0.7748229195321259
0.02121855221242086
0.31708666472585323
0.12287335967856117
0.5722321873132352
0.15517048324600524
-0.8139235269664812
-0.631254569672631
-0.8000476435087206
0.8323799341265421
0.5894655530752428
-0.06482757699762576
-0.7231655428154972
-0.13559802452960812
0.915323691856126
-0.8133101883113465
0.9261612846875151
0.4696705471491678
-0.9142703201430686
0.8455460778189738
-0.12825521679318275
-0.43115543351323216
0.288905640036637
0.4294292632014458
0.25288324550747565
-1.0
-0.4216687620934948
0.1426651092338982
0.7193446654581077
0.9235510392422577
-0.5432841493127964
-0.6142100885242114
0.29400263303658924
-0.7198735405106274
0.5317797257037042
0.27164429136891277
0.7130783601046053
-0.26421174991596197
0.5384652149848435
-0.5754375340212087
-0.40769755020359244
0.24814387404258365
-0.973989198891281
-0.42565474046013985
-0.8211270731087896
-0.657219068400024
-0.1341131582759254
-0.6470344100353587
0.23688858970519577
-0.7757331101787391
-0.646027491811318
0.48033595183404665
-0.22355482654199388
-0.6002135987428117
0.3756436932287064
-0.7080006734440711
0.5226304348505584
0.26061958617463077
0.4127641369781927
0.4705855881661052
-0.6892363629103004
0.7130783601046053
-0.9237083013068589
0.4422333080939027
0.9642963885982905
-0.611754495271215
0.40949330840531517
-0.68643079678314
-0.6737192820322531
0.5109785394628121
0.2814694626714702
-0.12825521679318275
-0.3406240176222013
0.8476544964883779
-0.6310493616973749
0.5098924296155929
0.40115925287205045
-0.8939607469174434
0.2876751383959195
-0.8067004394283472
-0.5413807520659437
0.8453806055698354
0.2859545627997495
-0.36708250791184716
-0.6676979203801245
0.6022266908456009
-0.43210834472923954
-0.6536986323081531
-0.9376189768440606
-0.03201510158323184
0.31830690596780786
0.08242313670148738
0.5177337994555382
1.0
-0.03676006962926737
-0.6092541293690716
0.6060959804954071
0.4539954561301731
-0.12825521679318275
0.0974917448772481
0.7735531504125794
-0.5222588199971131
-0.2523726488889706
0.8175426513047066
0.4011454479718968
-0.7186415464482716
-0.33122913013321487
-0.630088428715062
0.5099265687605674
0.5925813563504496
0.5059807925018021
0.21078315040934292
-0.09253158642072379
0.49912591336472434
0.5889435786072732
-0.1534897347867783
-0.42019266381693665
-0.40697913573749134
0.6024662245185362
0.6003684393533044
-0.9298165498812377
-0.008335686936668085
0.44537112458827344
0.9131136019626178
0.9122912776399552
0.4254306925272282
-0.10990514654037231
0.18453630416326794
-0.09798909252265986
0.8307033849686998
-0.44261471323329493
-1.0
-0.41216156987623187
0.32303042045279384
0.7332090759245244
0.931534562243244
0.4640722870314764
0.9237603513770187
0.1277619733072759
-0.6870928723323981
0.035088559259981
0.10006934359916952
0.31162421497724035
0.22673228735165685
-0.8544086352993485
-0.7261754774307423
0.2491710332350927
-0.24498693403044625
-0.3730448256329132
0.9606362245305409
0.5060787326718106
-0.3571248841888971
0.41387375246621394
0.5802560056984536
0.23078197346698381
-0.76383319296999
0.574304601310617
0.9143638781900418
-0.1459356561121915
0.6006316652197465
-0.21312251946173555
0.6750357863354002
-0.3455667315353017
-0.647600410941656
0.4648101029788745
0.05875873954765831
0.418694834015799
-0.8653676739415483
-0.24506845756243434
0.8315171278669427
0.6028559331188179
-0.8325413469888246
-0.665679513390776
0.918030385049754
-0.8994839195714615
0.321753094083177
0.4211004311439148
0.0064129833503976386
-0.7034994365068284
-0.948250941956608
0.3962739971920217
-0.49843249509553633
-0.5585480781704597
0.4214209286907238
0.4488896951530965
0.3192611230527487
0.9298540954786012
0.3021085346119101
0.03509396928841957
-0.026772037815438354
-0.45552276125866586
0.08950561013839486
-0.7543909210939899
-0.5531789047742361
-0.09970117997076255
-0.6451085331875802
-0.7635575613486801
-0.15135510546235287
-0.7309306125991881
-0.05519371549381846
0.505507881395189
0.5058498325030476
-0.39404720896590884
0.5432840579019711
0.06702656887072678
-0.12449599323919569
0.2861360785814988
0.22579374069391744
0.4773046569341044
-0.4049311601444354
0.0042256528868724885
-0.3251275508180318
-0.6531898098058704
-0.33277798396463654
-0.6265869277227262
-0.5656445430602255
-0.18386965620721585
0.9749412724856439
-0.7609116843368098
0.8289072555270944
-0.3122922583475244
0.40117660227359475
-0.9817054385044963
0.5125424107869683
-0.7219280454483505
-0.33982333341329296
-0.705500587370985
-0.6781415138990221
0.9205270198978017
-0.5923407014957588
0.4029570612879987
-0.3200943588431139
-0.03887333866899567
0.5493563484425039
-0.423550705779298
0.41921083879721555
-1.0
-0.7020060821050783
0.2310729956864379
0.9083649028624867
-0.14745773963047748
0.555025498588011
-0.7776272730667053
0.9002246755894867
0.5588289351330304
-0.13257092706552343
-0.1549515617814209
-0.12229840237690759
0.4731116983415078
-0.29670736556128996
0.5953053989456221
-0.39630244461397335
-0.3669195541242233
0.8593582535280526
0.7534623568714829
-0.49421397878238515
0.3293801148653319
-0.8929209021410093
0.461825446255127
-0.599551616469906
0.4778840896351457
-0.7363382158525961
0.914828207872235
-0.31736425328503615
0.19519070223856505
0.45378800952245957
-0.6446553033913214
0.1493489195406943
-0.4782948768255405
-0.07711776246477109
-0.8937369769480619
-0.5979728209293673
0.39780466213472754
-0.04477026966703701
0.8121421370540802
0.9719573619727153
-0.1462349799270083
0.2116237568970738
0.5220735750267953
-0.6153663421884271
0.5205263068933643
0.6023345183089626
0.42766540737776704
-0.015148964820580257
-0.611749458348186
0.8514342408398905
-0.3520548480547854
-0.3369037835835129
-0.01453893747595525
0.9113521713241013
0.018689084088332253
0.8412365237858908
-0.02554172272742572
-0.169932583462288
-0.6610600953150563
0.52690752871301
-0.7362934432034494
-0.15594672718506053
0.7061736713953519
1.0
0.4033650520533487
-0.23597709132412215
0.45325223015433647
0.6100712320815274
0.9168342091067156
0.509034100620908
-0.039156152569439495
-0.6053598416568251
-1.0
0.6210578805240343
-0.3983204784979124
-0.515496377725253
0.3008235595813973
0.40115925287205045
0.43328213621323153
0.6073102520508089
0.20897302951487928
-0.4578764967348533
0.13763229036438984
0.32324159811460285
0.4182185649604999
0.42477402700640865
-0.7863868553195693
0.14125197249520283
0.8919810981180394
0.07663515248303665
-0.4146633349236609
0.5458691187320837
0.2782460184856064
0.16912089450932477
-0.08298838953143861
0.14239292883762666
0.305055134583883
0.21790274783450103
-0.96471925507632
-0.7671128827963445
-0.7562885352069946
-0.15271311587678627
-0.1193585183023067
-0.5551016102260335
0.9919602891898611
-0.9156671801582722
0.3809427228079334
0.7183814938433375
0.5132026208091787
0.5911143058800732
-0.12756571799632221
-0.12825521679318275
0.25424340127801415
0.617162660048264
0.4386826504638579
0.5886827779259931
0.44404902556950976
0.4456766979187001
0.6523597454114862
-0.18811177143752145
0.5365722646894582
0.2833771506305329
-0.47469496928143406
0.5309837053124153
0.6681570284521108
0.519731405818304
0.6020035738106859
0.8767072819670227
-0.676809247757848
-0.15052671817678487
-1.0
-0.7849070259889157
-0.9847482530339586
-0.338689092968241
-0.02818648042306726
0.164562852273477
-0.11146174230904227
-0.3377516656267302
0.5980689907142074
0.27973023180482226
0.9342121532149266
-0.3317935453415216
0.08784827590914457
-0.04738154115217097
0.8457233028885132
0.8875864760515775
0.5568455067758278
0.2149893542439787
0.10063161345137117
-0.5542878673277907
0.033031629137095786
-0.4815151496154231
0.4354338351101441
-0.4788064043420426
-0.8808368574126441
0.10024936695928055
-0.3321906227736421
0.8777877952330986
-0.03876383223129076
-0.6149073292583203
-0.9554614838253456
-0.46085079978348575
0.5317659208035506
-0.04821300655736771
-0.8721112277520497
-0.8480006431665671
0.2840849315924616
0.9335845899160524
0.42025945155077427
1.0
0.13630832581857844
0.29797228804156606
0.3401846878679755
-0.6978842933693548
0.875465214058609
-0.10516232385044177
-0.5199127331818215
0.3352298480290645
-0.649896501632067
0.5364663027531442
-0.8972714977691435
-0.6073027880770909
0.8107890702863234
0.6144738759142947
0.19003774342717938
0.8601566991045035
-0.6333051570035538
-0.8832880666770782
-0.24350346692204938
-0.4140817568665146
-0.3301125189187645
-0.7415820258312087
0.9102509507077952
-0.028526192898468583
0.40578389442350393
0.019539391316711674
-0.22301074557850808
-1.0
-0.5481535480129189
-0.3385710051061164
-0.5978848613290644
0.9069872111376991
-0.16897715378476608
0.16843811160983613
0.8521722433399934
0.40115925287205045
-0.37286088466600187
0.5963734131804777
-0.55373305958378
-0.4173607004820501
0.8637275044266646
-0.33387183574910395
0.5788320489028811
-0.7791157770981312
-0.5223870749816482
0.1853672099103505
-0.1311810161385728
0.9060273974716149
-0.617712242451014
0.529195224531706
-0.24662766506897116
0.23877594341943764
-0.606140005068208
-0.1587061215177884
0.31414920583641437
-0.6861575903469922
-0.48715594374980387
0.42337749345843845
-0.34189910535936086
-0.3301657797159787
-0.8381022032892079
-0.5477966726886782
0.3648982574334776
0.11751500633921474
-0.644328276499845
0.28658044712428055
-0.6622251169563966
0.5496484899781866
-0.3388386149611208
0.7534623568714829
-0.7807031540630895
0.8553858002325039
-0.6823842820637944
-0.3443058218037054
0.7727203791384492
0.3215851966488765
0.8996071861366706
-0.539730973221237
0.8458503452804671
0.2808086929911455
-0.626874778546199
0.7735531504125794
0.24148375592929439
0.6894053815263566
-0.6136884871616513
-0.7554495144172543
-0.4280078230018606
0.2898872803691803
-0.24057804068206878
-0.5493930041834658
-0.6756694107316528
0.42308982918767035
-0.672175371847508
-0.7626386027249423
0.6620123554621238
0.2389511164092244
0.25166132529117813
-0.12762700055984189
-0.6038676998476561
-0.7004547098121421
0.1329212749106239
-0.5833894363387351
0.0037103943162748454
0.18934581944515672
-0.8772347112360803
0.2710273615742109
-0.8264023638563335
0.12761310424886285
-0.20743993752148437
0.14313578170805386
0.04949322635943565
-0.5936069279794414
0.9900373039090067
0.9438274527246084
0.5431417181882252
0.5316122013748132
-0.38226892412067515
0.8873695152559204
0.8118787246349333
-0.6977044565619483
0.6272318422886716
-0.5780171848228827
0.09654797474377474
-0.19385582249399702
0.19633874758377057
-0.5413415759979402
0.6073984914801689
0.21883010132995384
-0.9404061208916242
0.3017236763819524
-0.6583211285035017
0.5103157177027349
1.0
0.2858482277580259
-0.4152536809579318
-0.6514511385973368
-0.5820040959530517
-0.005005534603671036
0.6327450343729839
0.013899716498559478
-0.7864884332673211
-0.440185144082615
-0.37763588769750667
0.3267997178528388
0.30796423746219537
-0.43937102807896267
0.033217808736464516
-0.31451092966545247
0.4783409572091477
0.4241515006305634
0.16081090427497635
-0.5419104684711615
0.9791176278875151
0.5670376272486841
0.17775623266080642
0.1277619733072759
0.5996621508130138
0.8087681448354604
-0.02234672782904057
-0.07707578810619597
0.3160134270152637
0.09651066420281906
0.7735531504125794
0.31223629440161793
0.41823498159852046
0.30796684920006223
0.5029455799950595
-1.0
-0.025094649170424588
-0.4774640643548105
-0.5577670752719055
0.23678356053240557
0.1993549317146257
0.7332090759245244
-0.2373096372943534
-0.15436308127419773
-0.44535545229554496
-0.33207132231893643
0.5943502490971573
-0.2808866701562158
-0.9475097680605239
0.8422692795595432
-0.34365363354780054
-0.71321817949131
0.5091807310468639
0.5181550354629276
-0.6821358871373822
0.2596651825369851
-0.6937560685653161
-0.12733187418088265
-0.6708140967607409
0.5954009139304686
-0.5427357776371007
-0.0014892026713052564
0.3813822409803911
-0.7879413990084867
0.22843495388816826
-0.8192586078559065
0.816047991034023
0.5867474801666233
0.7130783601046053
-0.1359732752952696
0.9041562738426889
-0.7465839702280762
0.9171427672804191
-0.13467328277202217
0.524635876426925
-0.42172491445763305
0.049176086761312465
0.18460402279510246
0.5100804747420093
0.7534623568714829
-0.6833267463283342
-0.1405081849957247
0.12287335967856117
-0.16647445597381305
0.5184669515853169
-0.7098560333694435
-0.436744739101094
-0.687703366058785
-0.3380221670486586
0.7193446654581077
0.11563268954800199
-0.022452876318059367
0.3299574954866207
0.6037834731669756
-1.0
-0.12043091652572468
-0.02862898343880138
0.42762417923001106
0.4507833916593007
0.08059417398384117
0.27676105895557135
0.2174328215711645
0.9795571460599728
0.10905894533702498
0.9349225459147221
0.16003260639064143
-0.7153193226052277
0.593345103123812
0.8586288324523694
-0.7626344985654372
-0.008520560667103272
-0.30618909333435074
0.04701991059948529
0.49795025821921146
0.9985847757365378
-0.1462349799270083
0.29270273378969414
-0.4947337146178975
-0.46541686378563896
-0.7514099021479854
-0.8158602705093131
0.5097293825516167
0.500777651012831
-0.6344000348278975
0.858450861172011
-0.678689232640251
-0.5610481642435459
0.4973896673413529
0.28964830635435934
0.282833536048809
0.4163181525569237
-1.0
-0.20383107544754864
0.37517208799102697
1.0
0.23226320194292316
-0.3282171434382172
-0.7793366555005887
-0.2157281943657261
0.9111436054001592
0.5370994626331616
0.7183814938433375
0.9345999962881606
0.41387375246621394
0.9068443117658389
-0.7754869538847842
-0.2077220984874616
0.6440865060599792
0.7727203791384492
0.08487817029636968
0.029860046603160217
-0.5035319132806506
0.9016786673705286
-0.10596356771746451
0.8918747630763157
-0.21339731159587394
-0.7760030519425533
-0.10015207785821156
-0.20242568064610145
0.5254169726018316
-0.34775947202726565
0.5878837726914279
0.5316896207472963
-0.4274548807848978
0.9782628433942211
0.5022594391468849
-0.631312587563817
-0.4890125162677573
0.9191970856654375
-0.6462016387612285
-0.9818760875911923
-0.7879315117151334
0.12287335967856117
-0.5526317456911215
1.0
0.25593319567789585
-0.8059300233957892
0.5386368434732394
-0.34680077767741
0.5656892242985467
-0.6886680300951935
-0.6501310916583257
0.9131548301103738
0.5074000854797551
-0.9130737244564446
1.0
-0.05916253101162383
-0.5971966684011374
0.5400341232320287
-0.7354475199636322
-0.5514883641635355
0.16566687118035484
-0.7369425533397254
0.8786983589851214
0.09446119618812499
0.09720445371188946
0.9169278585645144
0.2101378646035148
-0.34725503351354514
0.5948339802606473
-0.8630990997750921
0.1416010126058429
0.4900197161863822
-0.2320038918177545
-0.642461257030424
-0.3563792330278983
0.38386674990262803
0.9749369817734339
0.6034696915175384
-0.18517729739135924
-0.5921333481643978
-0.9661474559459262
-0.6694626156909746
0.1023756946883434
-0.059571827645907405
1.0
-0.026893483626249104
-0.1526400804928656
-0.23839686645780123
0.9566356017765707
-0.12062241287717956
0.7127899496230181
-0.22550150401635527
-0.025875745345331214
0.2683715972689873
0.09539918318775009
-0.4189264373332541
0.8751646776512112
0.39672060436726087
-0.007081866207853227
-0.5916234063458863
0.4625356524022177
0.012475946255691817
0.07175138922464619
-0.7407121305688276
-0.5692817611452875
0.94876083900247
0.5570398946942068
-0.6222465924933548
0.4216362105120379
0.8994484297849041
0.42020236642311204
-0.28463833832565943
0.5623413494585958
-0.7175639247491199
-0.84524479333523
0.48819840212963195
0.93720445859957
0.9141517677647089
0.9244492905157651
0.08622675979921168
-0.11124105045928956
-0.16585416823042531
-0.12449599323919569
-0.7945548789455814
0.4431643926434512
0.5357607604236727
0.5192814406943789
0.8775307256059142
0.41387375246621394
-0.7277628543957007
-0.6310754790760439
0.32645422224358955
0.509477536400166
0.22484754537528207
-0.35364334433597244
0.2818990935505745
-0.7877967273859312
-0.021808150170345653
-0.8107454150878785
0.4233013799548888
0.8596748334680613
1.0
-1.0
-0.8770197092438233
0.9243451941064986
0.9213303158445769
0.9587012998765805
-0.8975537986496492
0.9318640143198824
-0.11704834288268495
0.5450630244947368
0.9489802249832893
0.7183814938433375
-0.6273092597956276
-0.04806833493481211
-0.15436308127419773
0.7534623568714829
-0.5904725627101091
-0.4153598294469506
0.515233433553395
-0.38939402485062424
0.41214664752537655
-0.6444885252732495
-0.9016217202918682
0.19804757035953946
0.6172438104748426
0.5174914674920312
-0.3512582680053822
-0.4396617704693596
-0.7424850341986879
0.9515609951011919
0.22680112529972019
-0.5646191561184116
-0.057338138835244745
0.05375222460952367
0.8092903058561347
0.9145799062221751
-0.572065034224227
0.20586972527089276
0.40115925287205045
-0.6689486629893104
0.917547586649788
-0.7226702453843108
-0.5652353397022942
-0.34941811212544927
-0.19720379061030036
0.41387375246621394
0.44565561746306015
-0.47403849031331935
-0.32526802500472984
-0.649131355713419
-0.48529228222906895
0.6489253101165182
-0.16386887434617492
0.3060253952014347
0.45104493855139993
-0.02243515381110539
0.9082688282195259
0.08275464085787854
0.40651294239377744
0.8893484663482083
0.3990987782477744
0.5783276103891606
-0.33558793408035936
0.901160050851245
-0.5965830032787691
-0.4462181652787921
0.9576437325931924
0.06886877683041215
-0.22804813498928345
-0.386798983450806
-0.5872485588661309
0.9395865500868839
-0.802839031630318
-0.013693107512490643
0.03642520938971727
0.046693256813418405
0.27600253565794275
0.43250533075053466
-0.5632344686671948
-0.05758718669612373
-0.8785310193434084
-0.2688021590460886
0.05539519428050599
0.3724170776468614
0.5539593498802031
0.08765705938674673
0.8549382602937408
-0.12825521679318275
0.5502484434767536
0.43699994506675766
-0.7872989114932303
0.16016729744349134
-0.7110790729019698
-0.9381323698876104
0.7061736713953519
-0.45476190605222766
-0.24767403919007247
0.9341336145262149
-0.9357403911069434
-0.0410950881065526
0.4214209286907238
0.38677044275250205
-0.3355824307755684
-0.5613663298815452
0.8566317857477181
0.5219010137748754
-0.35385517493224816
0.10269880397301923
0.40604823960617464
-0.850409365052488
-0.2427048347928935
0.06618297753971936
-0.5466540373719112
0.41963599241140526
0.8100005120032256
-0.6497643290407316
0.4214209286907238
0.6000035422627581
0.515607844831885
-0.32101527627025184
0.4214209286907238
0.18508588843154494
-0.6426720615868236
-0.6302674260352967
0.9767131500756279
0.16074150666879894
-0.11761966054106843
-0.5564571954553048
-0.3370361427275531
0.5181526102777654
0.9156805671803669
-0.03008782559016754
-0.8207555533972236
0.9321216436051811
-0.40423466562114574
-0.6582601257690391
-0.15052457282068
0.09966097972840982
0.48343123431172774
0.5313303202378934
-0.6568701215657362
0.46276660465073327
0.1163443881167312
0.12287335967856117
-0.9601143414733967
-0.863575835212153
0.9599200486968971
0.5714443752409566
-0.35780953261543336
-0.251541463312831
0.33462411139664927
0.5986316336718187
0.3227190639885189
-0.846160440648458
-0.12043091652572468
-0.5942555717339554
-0.3506747311448357
0.22818683879081303
-0.124665289818782
0.5994006039209148
0.9226960681962588
0.10195110073226799
-0.350493588468496
-0.4297939718737602
0.6526037563493363
0.5897791481719752
0.49842652727451053
-0.6707044037703312
-0.6330378269776066
0.11160669562618208
-0.03744966170248021
0.8548559905509336
0.7061736713953519
0.8347215436769191
-0.011284898646507835
0.2349978780422679
1.0
0.04701655265079929
0.450153776280674
0.3046144970951967
-0.6484634970303127
0.3262613267468488
0.008452750624443395
0.06820259712164911
0.4109685671947019
-0.12449599323919569
-0.03165850608804821
0.654259784709653
-0.1787071832078866
-0.315247906125679
-0.19014361022161408
-0.07922758027946097
-0.2378358091981806
0.08326542216356136
-0.8122822829080181
-0.12529844969879944
-0.032429621693249255
-0.9087973768048121
-0.24011492359245679
-0.36151437605597747
-0.4105449974129757
0.5936051575942727
0.2601629051533336
0.14501175570730407
0.573670135561666
0.5846741334057175
-0.5700797403399765
0.41346389617381596
-0.35880152662309184
0.9072220809930149
0.43857407678967686
-0.4370078716911838
0.820784937313753
-0.7745798413577998
-0.01026445535137066
-0.03174907742621802
-0.4118059071445721
-0.15757309366531758
0.28773073110194347
0.6059952420348267
0.5046174653352824
0.13590667784519073
-0.1590764286367733
0.41024455614745725
0.5135087537977199
0.6521463291172198
-0.38779629421055073
0.010988748093199385
-0.3383627190112314
-0.3495338680787642
0.7183814938433375
0.2934702116171519
0.6946671005646277
-1.0
0.918169180262109
-0.759022651648225
-0.7410786133573645
-0.40282591287101255
0.39374881978014287
0.8702467752478462
0.8421034342049953
-0.7913010266688387
0.513145162576107
0.2078548326024383
-0.7918251464929132
0.5373731354510713
-0.7103780078374131
-0.6602550271175857
-0.1243485233260685
0.8852816173840419
0.8364753256545396
0.21534697577903872
0.9371596859504234
0.83297914141429
0.8143054022186891
0.40509588804828156
1.0
0.19570390872941013
-0.4822106180988366
-0.5462890470050126
-1.0
-0.033510508064734545
0.1894260371082115
-0.20962400331267605
-0.8758196623321609
-0.8180984365848905
0.8203737751524218
-0.36995877751411854
0.7183814938433375
-0.6864213758715487
-0.23764449939943044
0.5257555657610042
-0.33816432020969966
-0.43060622235036483
0.8843087450286231
0.6148624651983479
-0.24149970432002588
0.9552780577438991
0.5871127503625793
0.826258207119243
-0.24191403787733845
-0.475156127567646
0.18911281511688882
0.9057550305226387
0.27832586304325146
0.03367598217939993
0.3029312320399822
-0.10929595868291886
0.41747907003875895
0.49279524732807345
-0.23841776036073636
-0.09923815615750287
-0.5748301184144506
-0.21455860218311862
0.7127899496230181
0.5621755041040479
0.5141361305438892
-0.22759835641806303
0.2411123294940809
0.9176869415202573
0.24076478180507888
-0.618227594297964
0.1737201648929283
0.11053271170477341
-0.6057990800002255
0.5320444439917846
-0.4291419701705602
0.5489640281043553
-0.6421148286576508
0.39328504975606426
-0.9792690135419159
-0.6763831613801343
0.21614579446089932
-0.35208880064705506
-0.04114284559897574
-0.619845099524744
0.3299518989054775
-1.0
-0.1564207576079022
0.8223338844215271
0.8377384740185934
0.3141928591693326
0.41597862663422713
0.6209815804677801
-0.4968854135148101
0.2100277985076957
0.6045035666074197
0.879067173682468
0.014354905098218573
0.21814377392907458
0.9022586597296842
-0.8463136936954333
-0.5904670594053181
-1.0
0.8558911715097484
0.9181266462454196
-0.4057471416751356
1.0
0.42166643205021215
0.10902536585016498
0.5018702902047174
0.03940053847822611
0.11705963118685103
0.12163035900662367
0.5756537504715735
-0.6094181091965718
0.4427713260944832
-0.5748077320898772
0.8129790124877156
0.5486552833779472
0.6135620062933385
0.6467982361766362
-0.7984735117858015
-0.1273443732121028
-0.38801651967854145
-0.11835066731474209
0.5064794478816743
-0.030738894529843686
0.10905894533702498
-0.595657235481307
0.5226645739955329
-0.3391516503997387
-0.3969189080269132
0.19865423975547847
0.4259608753142079
-0.48142840260770126
-0.21516219345942877
0.12715511735863227
-0.14731446715320773
0.7332090759245244
0.9503961600125563
-0.3952613872449582
-0.663004440880608
-0.12449599323919569
-0.33500477032522247
-0.05771180390291564
0.40905901370859143
0.18257843352662007
0.13328859718633246
0.2902083375741038
0.25461538737134193
0.4241828414849662
0.4378972635767413
0.5144676347002801
-0.40374477821839794
-0.7592504325007592
0.46478081420422446
-0.4479147688523981
-0.685821235820277
-0.9002256064874837
-0.0316807991362692
0.4666004492866318
-0.35666549815338056
0.5532810442456293
-0.8338423189137721
-0.432518107745285
0.916558857314463
-0.16391709822036005
0.41317903019361957
-0.4248339085591154
0.49989133911242956
-0.3757311845817204
-0.0729578237009203
0.8912516770423564
0.9199311705587399
0.18744503393617085
0.9083393451419322
0.4424097869526229
-0.6798953891529951
-0.5842000078409968
0.9918936898742554
0.29350435076212644
-0.847375738243736
-0.08535229213003659
-0.44249084223732216
-0.6344768012659139
0.5322190573234571
0.6480106422049903
0.5473346767808218
0.5312711830304786
-0.44237517956035965
0.994304510478105
-1.0
-0.21282356875232833
-0.03593429408156634
-0.44710055957239336
0.4885215114143078
-0.5939615646712249
-0.7050856008792057
0.6063405510913713
-0.41014092425442594
-0.22916987640311526
-0.6652205937370215
0.7127899496230181
-0.7982385486541332
-0.10822673185548215
-0.6249948869401483
-0.19476106949393357
0.28272197753135164
-0.5425661079521048
0.8999888729706469
-0.8722974073514185
0.9584548637535684
0.29315792238935323
-0.17893076662456342
-0.7117855479949651
-0.5142331360848469
0.8386453067165205
-0.3948121683318522
-0.03848745439916179
0.9300813166730211
0.10245180819189281
0.6102122659263398
0.8207244942374048
-0.3540257773807679
0.05685329022105301
-0.5673072873179141
0.5554135282139498
0.9815666917958443
-0.7875086900097535
-0.0005939362410742888
-0.4462266534268595
-0.5095652143058849
-0.20717447302258496
-0.5463966879156695
0.8879416724014753
-0.12235408835928385
-0.7402839921113614
0.8616838195458185
0.22428229067980388
-0.41883250804639827
0.6520110784062556
-0.5149142400099924
0.521885343347674
0.3699217486677471
0.4675115726967687
-0.9145652599693231
-0.8971850772286549
0.31194863013084984
-0.037341181304651694
-0.33203447815974274
-0.469484832066034
-0.5498508045209918
-0.8158162907091616
0.5026653778324826
-0.7995791163906699
0.6006277476129462
-0.738927194289509
0.39846729734209996
-0.6022499147918189
-0.007331287174141776
-0.6435886883017516
-0.6585905106092015
-0.5765635661472504
0.4066522972642468
0.5339664965091151
0.5448863590833117
-0.7441262316189747
0.4646580625244803
0.5125220765421474
-0.0393058611150241
-0.6586848130014669
-0.34627870993308807
0.4627401141666547
-0.609622850790066
-0.5952309625508887
-0.7065217768769413
0.1965288447899396
-0.34129924513714627
0.22399350709280696
0.7332090759245244
-0.7078759629609268
0.22144239885496408
-0.13436882875782408
-0.8850267845237879
-0.6384929078943806
-0.9146483225611256
-0.566150473995584
-0.6215963630408501
0.4819113894258993
-0.04160988029538826
-0.02288288030257324
-0.7732787295183237
0.42268762155616835
0.9190187412796693
0.8142867469482113
-0.7702014493766537
0.5059955301654795
-0.6553429078480688
-0.05444470638413368
-0.3645177813265553
-0.8594669652512352
0.4162567767170515
0.28546933921462125
0.11995716779746712
0.42134015136955494
0.23052844834119002
-0.1462349799270083
0.8342255000349135
0.8772359723323644
0.04891920368683289
-0.38166458663354585
0.43471168958994744
0.6087213367097517
0.005441603416617147
-0.8006189611671041
0.40906983376546857
0.44753308388394886
0.7130783601046053
0.5344080667613254
0.31071980746447525
0.013177757531067646
-0.4127588183605795
-0.3952145625160589
0.18483777333418971
0.20226049009154745
0.3234826242091764
-0.11460450245008946
0.2884200433460993
-0.623678384502528
0.10905894533702498
-0.35125593609657246
-0.06002543054757581
-0.6503267854456382
0.44796887100231086
-0.39999870663009773
0.40598798308253126
0.836764482346946
-0.610692637275617
0.1218394845886801
0.6305256168442368
0.3996936948233123
-0.7032795841442472
-0.69134226311819
0.5891959844168382
0.8502653015917498
-0.19887679526675195
0.5433217415483362
-0.3516315599676435
0.45468570113785267
0.28785851970471654
0.9144513714085829
-0.5777034031734456
0.8869466002741879
-0.6532905482664506
-0.24059912113770876
-0.33320938709443626
-0.6331322226462244
0.0007863672215802087
-0.023582452945491772
0.8917697339035255
-0.9319949258149337
-0.3676357299578671
0.9814014060994107
0.11647870606417143
0.7061736713953519
-0.3802531288691935
0.940575092869504
-0.8963289868664275
-0.9161045996128011
0.8121232952308977
-1.0
0.5523738384422925
0.5076431636540812
0.18320189266598907
-0.041306079215656766
0.9393791034791705
0.8349696587742741
-0.891026506062162
0.7727203791384492
0.4246290755547959
0.5362599754616593
0.212400189254361
0.3804839897068837
0.014163875128525572
-0.3342932583091981
0.4286226093059844
-0.20068775564838703
-0.7684559689943957
0.9097994931622317
0.3130873478408165
0.46180511201030616
-0.4463064047081522
-0.11620876243483025
-0.39430259961875025
0.8630603919543776
-0.35573217497137477
-0.5581322521915091
-1.0
0.6097526000617661
-0.8614833667990075
0.02548613188692883
-0.9011462907237406
-0.45636961726200687
-0.7365244887283172
0.8508456670563149
0.5140893058149898
0.5255598719736918
0.41387375246621394
0.222639694114231
0.2822884290454468
-0.636918682895109
0.5795599775569258
-0.36247512248558567
-0.38448227868651697
0.4978995158835118
0.312770581348103
0.5237096422477008
-0.5675401050934775
0.4498789841465356
0.17893449954418594
-0.4901022638927196
-0.6675345002107388
-0.7288810513081416
0.8994445121781038
-0.7942593794612126
-0.6950881481537855
-0.3851460332101181
0.9134568589394099
-0.032779687843765615
0.914151581212004
-0.5864127094723719
-0.6318875429999438
0.7332090759245244
-0.23754506680778364
0.2926049801723902
0.41370809366437067
0.46791191480122296
0.5061022383126126
-0.3928070065845428
0.193753686753658
-0.9649882640766102
-0.10817319122921076
-0.03605480712885312
0.2933198501371006
0.5216777101872558
0.41235763863448094
-0.6234253257584963
-0.13796491197148253
-0.0605376109985446
-0.7959731458836583
0.5490772655961556
0.4998491782011496
-0.12449599323919569
-0.8593411354518623
0.9021129620672523
0.5026092254683443
-0.07050558839660981
-0.42288956299356384
-0.9251148154245347
0.5029791594819195
-0.3541011446734983
0.8754808844858104
-0.5658379049387281
-0.13811993726915317
-0.8552795099634297
-0.8761250957480591
-0.6778004955546874
-0.9681784552428473
0.5858762790353087
-0.022949852723588737
0.8514254728627659
-0.35966573202797714
0.9421848561590358
0.5501202817685709
0.9771039779921384
0.2596092167255517
0.9414250269924738
0.5962361103897609
0.2913244824067922
0.14970859315550689
0.18602219645682694
-0.7479814365395703
0.6281862459263172
0.4171402903268815
0.4567614730839207
-0.6352189079255217
0.9149433108910832
-0.2801093983117572
-0.8734767935510267
-0.5708042177689829
-0.4250948025167478
0.5767747456745862
0.911672109212796
-0.5846173262415857
0.4184664935051503
0.3672902362141448
-0.34207101367681403
-0.4179586019008644
0.13182266603218462
-0.29112850692489567
-0.5813587168708712
-0.18163531446208647
-0.007997466882905035
-0.3430876326415032
0.5996819253997203
-0.04405661229490765
0.3850864314864684
0.524226020134527
0.4490411759493764
-0.5628996065621179
-0.013605241188540007
0.599954852006811
-0.04587997843141056
-0.04611242310156427
0.7332090759245244
0.8458751567902025
0.11019766304699163
0.3254875061274285
-0.8016214021262301
-0.6852626970221708
0.09612505976204244
0.2127494159177059
-0.046772819676479394
0.9987399875869134
-0.626683468747449
-0.24476167163942641
0.517813084355069
-0.0062692426258390554
1.0
-0.9393833923258536
0.4140244870516747
0.5376376671864469
0.5295157220785152
0.49067787412884
0.456495262374202
0.2860526895224629
-0.7390821263108274
0.22123905640675567
0.14481774089433475
0.49285214590303084
-0.6721677231866121
0.28925449359457245
0.04441320965561846
-0.33917413000066454
-0.8774289126017545
0.8481542711844787
-0.06468131967707968
0.5463823252229287
0.5046040335405384
1.0
0.8612547483248285
-0.6219172336930687
0.4997805268057911
0.5149524851799989
0.45864789403463857
-0.05639949890115281
-0.11114777410690047
-0.3709238146559366
-0.5686712674189005
-0.8953524767332656
0.1144719586188716
-0.6150866064076121
0.9012535137563389
0.6137155391693709
-0.059222041324448194
0.9195112404202841
0.8637405631159991
-0.38615976060788326
