0.25988606
0.16851565
0.35401347
0.62497264
0.45373598
0.3760361
0.73313856
0.4750086
0.39997303
0.32343408
0.7008996
0.4291752
0.55305564
0.61465305
0.39722988
0.689198
0.45311075
0.669124
0.6009262
0.28016973
0.4546253
0.37359777
0.3025369
0.47371298
0.8096733
0.22849946
0.34961534
0.24250852
0.63303405
0.4334061
0.3975575
0.70064974
0.7544006
0.42728993
0.41940057
0.23065342
0.64284915
0.42552784
0.6992131
0.80187005
0.6856368
0.7832029
0.2546535
0.32401747
0.23774305
0.4677349
0.69266
0.5447277
0.22387764
0.2739237
0.39032558
0.6989215
0.6999714
0.79799
0.6805286
0.369198
0.6404831
0.73313856
0.556388
0.54151547
0.63840294
0.4665338
0.25731456
0.50730664
0.6834559
0.60225755
0.19761635
0.22423403
0.30328885
0.24756722
0.6522753
0.5658611
0.83291423
0.66923475
0.63191736
0.8498571
0.47731602
0.67344254
0.30698222
0.249609
0.33711717
0.4888651
0.6760001
0.4194922
0.40218005
0.49377742
0.40016443
0.38542277
0.51318
0.44649357
0.6690155
0.73534465
0.36936677
0.398385
0.5770481
0.29951507
0.20980102
0.356008
0.6098156
0.6670375
0.5195669
0.6809621
0.28273284
0.57694083
0.66937304
0.6080355
0.3594966
0.7091311
0.64777553
0.17596024
0.77162546
0.4642444
0.4655448
0.44217235
0.6530432
0.76522815
0.52488506
0.31357056
0.68846345
0.5066644
0.4791837
0.33436593
0.49509466
0.33217975
0.29993683
0.40197435
0.3724819
0.27522546
0.8067125
0.48507997
0.66040665
0.7727643
0.77280766
0.6742116
0.6002972
0.3894712
0.43710336
0.35998237
0.6385405
0.5557503
0.77229595
0.66604626
0.30809945
0.3640876
0.54052263
0.5579032
0.58717996
0.39951572
0.50718945
0.61488974
0.73313856
0.3000199
0.30495492
0.25135693
0.5012245
0.6066592
0.24229163
0.40477744
0.32819805
0.6770183
0.31980482
0.49053895
0.47771373
0.64742273
0.213005
0.39503005
0.6693005
0.6695634
0.72321284
0.5370411
0.71347743
0.46715784
0.3234432
0.5959622
0.51784366
0.4596894
0.5142476
0.27537176
0.63265973
0.4040939
0.39165157
0.45790806
0.3980741
0.32610393
0.37522262
0.65152335
0.59858924
0.502476
0.65608877
0.3910861
0.787553
0.8005397
0.44964132
0.4581922
0.503601
0.27020025
0.6447081
0.5518787
0.33934492
0.8022951
0.69689864
0.26743016
0.38933942
0.53554124
0.53581727
0.2786238
0.33162585
0.30811054
0.5467708
0.27614355
0.57192814
0.7836315
0.72924376
0.21339363
0.32106686
0.76672214
0.25986698
0.2646832
0.57703936
0.67144513
0.57119703
0.4500192
0.7847834
0.46132138
0.26911098
0.25868502
0.66679597
0.5586874
0.36683983
0.39759165
0.25238186
0.46096095
0.38969728
0.6873918
0.6071263
0.8034321
0.20075019
0.6675623
0.46903372
0.42636427
0.6710285
0.7859247
0.6389548
0.54120064
0.26262003
0.28245848
0.8309425
0.39718306
0.37217087
0.89971316
0.6982712
0.35937992
0.42855147
0.39327925
0.29734784
0.20568171
0.30004087
0.62703496
0.28776756
0.4001177
0.471372
0.771887
0.63604796
0.7654674
0.77454835
0.4622502
0.24539632
0.3900151
0.59957176
0.631685
0.3120475
0.40638763
0.5591597
0.5189188
0.569942
0.539929
0.67831826
0.6738525
0.21888782
0.8106156
0.4379257
0.81659997
0.80054504
0.62402177
0.8178196
0.2944209
0.81320864
0.190785
0.6388509
0.7417765
0.55045605
0.24478574
0.6079469
0.50353444
0.4935354
0.55140084
0.3137035
0.5768136
0.32103062
0.33406705
0.3373297
0.6359298
0.2964543
0.7712898
0.25309548
0.5945864
0.2115215
0.2979516
0.27990717
0.64492416
0.64060223
0.24003884
0.604048
0.32767108
0.64754325
0.7695463
0.42789006
0.434178
0.59182674
0.3158464
0.22320184
0.23472005
0.45899767
0.6063107
0.3334137
0.20399582
0.4418385
0.5115687
0.61087495
0.50273514
0.6470861
0.8357179
0.2702959
0.7929922
0.5676192
0.52119017
0.64111733
0.42899966
0.21826725
0.29270098
0.38659108
0.7701334
0.2880219
0.34710774
0.30730727
0.50849766
0.6088561
0.3170329
0.68548816
0.6376207
0.6721407
0.47686324
0.2071202
0.33586946
0.56857556
0.58678335
0.4936085
0.313785
0.4078455
0.6950891
0.3639692
0.33272368
0.7698568
0.54419726
0.77776366
0.6758156
0.64332825
0.48269156
0.54091024
0.33155623
0.53726006
0.6031116
0.7680413
0.40846008
0.611066
0.69123787
0.63020754
0.39723808
0.29946232
0.59797287
0.29232195
0.6509012
0.5132409
0.34691414
0.6475448
0.32774085
0.23595811
0.31639177
0.8063577
0.67724735
0.8146853
0.6123902
0.5470356
0.64014006
0.3827898
0.63163733
0.19976845
0.32156715
0.7014969
0.7666924
0.6990576
0.6622662
0.5453719
0.2725364
0.2614117
0.737039
0.6090187
0.78766906
0.66858804
0.37297356
0.49819344
0.29924595
0.77845067
0.6703571
0.6876576
0.24798952
0.3065328
0.31379044
0.69055
0.34375682
0.7937983
0.7932522
0.57314324
0.6358026
0.4581922
0.645979
0.4464418
0.5950511
0.704403
0.48653826
0.77190757
0.6268513
0.7758298
0.79437494
0.3953096
0.40116584
0.574038
0.8001248
0.642381
0.38733146
0.6669898
0.22511446
0.52378464
0.7000106
0.43817672
0.8084428
0.48598143
0.21512519
0.2990685
0.58937997
0.26694918
0.70070547
0.8161517
0.46903372
0.7745102
0.46903372
0.69998866
0.2663635
0.38412163
0.31479236
0.3233182
0.25445634
0.44302204
0.70842814
0.37167516
0.22983229
0.4581922
0.62922543
0.83431727
0.3226658
0.3918448
0.39479545
0.26938203
0.4141261
0.8218421
0.45325443
0.62922543
0.7546667
0.32778868
0.3023615
0.4654412
0.32391933
0.80282724
0.35287735
0.10004575
0.5436171
0.8044612
0.53207576
0.8285576
0.6758825
0.6919192
0.3081521
0.8683179
0.3248846
0.79961985
0.36952847
0.57994395
0.37257472
0.499112
0.771235
0.2908002
0.80280876
0.59949666
0.8196844
0.38931498
0.5187844
0.4665338
0.27729067
0.46078917
0.80648595
0.24455622
0.50469923
0.7546667
0.6787386
0.6474876
0.6611927
0.26946062
0.5456021
0.5034318
0.36745203
0.17110652
0.30917007
0.24422553
0.49198964
0.30696148
0.28186548
0.6488135
0.52310514
0.24069746
0.56611985
0.5235266
0.23937888
0.53003067
0.6765309
0.25523522
0.35599965
0.786472
0.5963013
0.70103264
0.5550039
0.6900953
0.472003
0.57143015
0.7962361
0.46841374
0.40272206
0.43286625
0.5020193
0.6767941
0.5729262
0.55106336
0.7874645
0.4006448
0.5085361
0.4293344
0.3310358
0.29649153
0.3936288
0.80301255
0.45301262
0.6019097
0.6698063
0.17963131
0.65885687
0.8102275
0.32122317
0.5461238
0.83252674
0.4135881
0.6384536
0.39095563
0.3168685
0.4694339
0.2629993
0.6161068
0.7851471
0.6680056
0.5970307
0.6330186
0.49464166
0.26790217
0.8069282
0.32507765
0.4516046
0.5682429
0.7417765
0.70155156
0.38621444
0.3291882
0.5145096
0.4198979
0.33076352
0.5929029
0.30461803
0.39345154
0.3995971
0.38290015
0.59952605
0.7701689
0.28930834
0.34674183
0.50140655
0.34765384
0.70100987
0.55106336
0.20791538
0.37659973
0.19914001
0.64239436
0.3846905
0.6247492
0.4677349
0.64937395
0.6787821
0.38492036
0.19741762
0.20295711
0.52682364
0.59290403
0.39626172
0.3289043
0.3361352
0.369952
0.39992926
0.52530897
0.49783033
0.45711547
0.598585
0.5040806
0.6005168
0.37207264
0.30456898
0.49181885
0.49004558
0.20432726
0.73313856
0.69573545
0.4395162
0.46913052
0.51258206
0.258783
0.4572859
0.6514825
0.59161144
0.78412807
0.73534465
0.3198812
0.20843339
0.6614979
0.7665656
0.35637352
0.78771687
0.37865824
0.45784461
0.8028691
0.29575053
0.27239257
0.20814165
0.60274357
0.43686628
0.25184837
0.36380884
0.39368176
0.49433854
0.542357
0.64742273
0.83260286
0.2967698
0.64082247
0.41324052
0.42135412
0.37829232
0.16371676
0.35038048
0.77289283
0.7023394
0.64175177
0.18004307
0.6533144
0.69348985
0.73734677
0.2872899
0.39363134
0.3298017
0.17660537
0.66775495
0.40125272
0.4948402
0.6686141
0.5028157
0.80392075
0.4675241
0.23611078
0.30265844
0.6889665
0.7749251
0.76607233
0.24342914
0.50371003
0.5390986
0.48831412
0.30131817
0.3050461
0.825078
0.6558303
0.687674
0.42520803
0.6749932
0.26853156
0.7960391
0.40188974
0.6093346
0.39635316
0.68162286
0.25895217
0.58914906
0.2487506
0.39696681
0.29687658
0.33230034
0.23791067
0.46084604
0.40830085
0.405205
0.49298885
0.67988485
0.71248335
0.6294499
0.8302007
0.62922543
0.7817421
0.13056234
0.39073917
0.6875482
0.800274
0.24150643
0.48631808
0.69906354
0.4378319
0.5781035
0.4561217
0.49080157
0.6239433
0.6548547
0.8201738
0.5326584
0.577818
0.50298613
0.3214286
0.21884932
0.2228664
0.3001442
0.25708964
0.5030214
0.4294042
0.50416917
0.578012
0.25518522
0.70103323
0.59367794
0.60050625
0.6563177
0.50007516
0.7145711
0.28587264
0.39696383
0.5420965
0.8026797
0.5233168
0.39737138
0.8171986
0.37357616
0.6361186
0.5232649
0.767903
0.3128716
0.644506
0.39170033
0.7544006
0.6530132
0.60840756
0.8364997
0.5002299
0.42768052
0.73534465
0.29844192
0.44135037
0.76743114
0.69587314
0.5063966
0.24244855
0.7736837
0.32124603
0.33554727
0.24908999
0.44554967
0.49641508
0.5001145
0.3976375
0.64989746
0.8269926
0.23353684
0.4367634
0.32373804
0.3955807
0.4791954
0.5726748
0.46078917
0.6539871
0.2594735
0.4915976
0.35643485
0.82036597
0.57118326
0.3932009
0.27320015
0.6397471
0.6131649
0.5391374
0.76753277
0.55918413
0.30227262
0.5688712
0.8004266
0.5998288
0.6870085
0.5742058
0.5643524
0.68031377
0.3983142
0.37069595
0.7544006
0.47484887
0.3889572
0.4024098
0.60290444
0.6068892
0.5515793
0.7801119
0.35670665
0.24479564
0.23146206
0.542357
0.6356847
0.24363
0.66840994
0.6729155
0.7011014
0.3029099
0.4003332
0.76947737
0.7934264
0.495539
0.8138922
0.8164813
0.81892437
0.27696973
0.5194758
0.36090866
0.7959091
0.32708213
0.67663914
0.40019226
0.42890215
0.19990854
0.39981508
0.70069605
0.80511653
0.542357
0.60157
0.67333287
0.23838702
0.23961408
0.31239095
0.47845343
0.29514962
0.4750904
0.6929161
0.57552373
0.3957311
0.66777265
0.3386062
0.69166976
0.6933578
0.48834038
0.5392855
0.39923742
0.33513692
0.4692956
0.79986554
0.3040025
0.52825063
0.29855132
0.40140724
0.47038472
0.555776
0.6497592
0.2629296
0.60433453
0.25261924
0.4001503
0.27799886
0.49406174
0.49993783
0.31387576
0.6997323
0.2717408
0.66668177
0.28894576
0.79074764
0.79918855
0.49834988
0.44410467
0.5180169
0.20323806
0.4992655
0.6507898
0.47254577
0.79928553
0.78263974
0.5795124
0.28341478
0.4581922
0.29762545
0.30317178
0.6406834
0.28630197
0.1936214
0.60847616
0.40079245
0.49573794
0.43106434
0.618016
0.21837507
0.37997413
0.7990019
0.2701408
0.51486737
0.30690232
0.7885867
0.6974484
0.7999913
0.30414423
0.39600614
0.603694
0.7997143
0.64482737
0.5249123
0.78841746
0.59649134
0.29430717
0.30555567
0.7703787
0.6127891
0.24688725
0.69606614
0.50788933
0.44328463
0.56243426
0.2937101
0.6524601
0.49980754
0.69762295
0.77826405
0.55777156
0.70286065
0.16272369
0.5002532
0.2970004
0.670786
0.5128354
0.73625094
0.38260743
0.8144813
0.18846208
0.32711384
0.46002626
0.19139837
0.33585685
0.39625832
0.78578436
0.71691763
0.2528871
0.5466231
0.6403631
0.6760671
0.35735732
0.39105216
0.7851234
0.37574697
0.31021056
0.6995129
0.7001908
0.545739
0.36985528
0.4391801
0.40121514
0.36823663
0.6099869
0.69841087
0.28631863
0.669231
0.5011679
0.6986698
0.2729057
0.48826718
0.8028636
0.36291912
0.2676211
0.62922543
0.23013628
0.66881704
0.5011357
0.3907416
0.737039
0.80033416
0.53873837
0.25194255
0.41335636
0.6716784
0.6542806
0.59900033
0.779638
0.37404084
0.50049126
0.48076376
0.3176207
0.6903185
0.17147113
0.22578757
0.80029094
0.4750176
0.76621604
0.71689194
0.63587266
0.83165336
0.29417086
0.45936146
0.32758996
0.3017631
0.6003499
0.46082765
0.27781793
0.24003105
0.52516663
0.4258477
0.7968468
0.67674506
0.48070177
0.22691318
0.73734677
0.5055535
0.43519798
0.2815948
0.49680668
0.79765785
0.80478185
0.73734677
0.42260498
0.23175605
0.65150934
0.2885348
0.32369184
0.7741816
0.67023474
0.7915982
0.18801168
0.37958986
0.7352525
0.4776926
0.39562166
0.8037432
0.32129627
0.2281174
0.39561754
0.670409
0.6984324
0.6426777
0.22543764
0.36712503
0.2989562
0.5773976
0.69485474
0.641912
0.63664526
0.65540457
0.67502457
0.49528307
0.58271533
0.5717243
0.7665547
0.2912563
0.27818742
0.70432097
0.46078917
0.7081599
0.43706322
0.5989928
0.20002472
0.47763994
0.78518957
0.43541718
0.27934426
0.6973759
0.6334014
0.3645357
0.23145007
0.6797479
0.39967874
0.7734257
0.4012006
0.36521322
0.6106237
0.39989907
0.31336385
0.38831916
0.46903372
0.26381856
0.2907252
0.5365315
0.4922556
0.32759795
0.28470773
0.48866934
0.81255215
0.49994078
0.5083103
0.43636775
0.62922543
0.25958097
0.437409
0.7779637
0.38284
0.7943496
0.59753644
0.5097619
0.5050618
0.67420727
0.4562764
0.72300375
0.2405657
0.32025406
0.30818284
0.4990971
0.32378972
0.67213756
0.40370366
0.39817208
0.5387488
0.5084697
0.6968393
0.6455121
0.36689833
0.434614
0.79152495
0.35750392
0.54278153
0.3973978
0.2814473
0.65814257
0.69302434
0.54833275
0.7944
0.51616323
0.63841814
0.6032105
0.43727893
0.31134725
0.5759854
0.61159986
0.25254655
0.66861993
0.63740313
0.6670592
0.54833275
0.6356847
0.35185564
0.5959697
0.5416394
0.2547862
0.6006947
0.32614994
0.6765578
0.35406747
0.79968214
0.51154023
0.7811187
0.57234454
0.66715497
0.6045257
0.2133967
0.5713724
0.597572
0.2793688
0.6554806
0.5372541
0.72366583
0.6525338
0.3354386
0.39525458
0.59511983
0.7069924
0.6836786
0.5034407
0.29290754
0.49686474
0.40454012
0.4366767
0.3955796
0.77987725
0.30670008
0.40272632
0.45749974
0.63744813
0.48270765
0.668829
0.3100897
0.29771054
0.2683074
0.46854478
0.5229556
0.2706333
0.25398675
0.7003277
0.3055591
0.43372682
0.44479653
0.43550053
0.3994727
0.36938557
0.6923055
0.26240468
0.6438878
0.81885064
0.26364902
0.38352412
0.2688579
0.19817398
0.066751175
0.6734188
0.5226753
0.40909386
0.2453091
0.4997275
0.26417848
0.3927107
0.6520703
0.42095497
0.2511497
0.66957945
0.43573827
0.64094436
0.5238102
0.39408812
0.28411922
0.29211217
0.3778522
0.67679274
0.53358525
0.33304495
0.5692961
0.5845579
0.285065
0.33176288
0.28454676
0.34401685
0.8078481
0.26418105
0.686909
0.540199
0.6663787
0.5007219
0.22415057
0.26094383
0.35558796
0.21639463
0.60140795
0.7880539
0.5768606
0.3199651
0.65045124
0.4577076
0.6669724
0.45014754
0.66955155
0.8084781
0.608003
0.50330746
0.51932204
0.40176415
0.25196192
0.48917726
0.6679824
0.26561287
0.73734677
0.3913679
0.46903372
0.31035823
0.24707237
0.36739117
0.38558847
0.44414198
0.49893472
0.4680904
0.27173316
0.59850705
0.56521904
0.61746174
0.59530187
0.3728859
0.64742273
0.6362772
0.4025688
0.7071641
0.46955612
0.68926924
0.5984227
0.64058197
0.26499236
0.6710613
0.53763944
0.4607705
0.2653571
0.64559066
0.73313856
0.4993147
0.38946396
0.76923704
0.413611
0.59732157
0.6051901
0.30409005
0.510347
0.4681573
0.504566
0.36012027
0.64010006
0.44072095
0.8167532
0.27633178
0.2678249
0.7806797
0.39099747
0.68588656
0.5695257
0.801163
0.51436734
0.26483068
0.21320723
0.39023957
0.505473
0.59926194
0.7019024
0.39048147
0.4048763
0.7063416
0.6796064
0.59550464
0.6904636
0.29219913
0.3558065
0.64309984
0.7352525
0.6952235
0.7789986
0.59140146
0.50003093
0.5701386
0.2635293
0.27853885
0.7995851
0.43678954
0.5793626
0.63749534
0.70010173
0.3308498
0.30975446
0.43183535
0.48614043
0.67354673
0.50161946
0.6809267
0.8193012
0.46259394
0.647264
0.57007945
0.54232574
0.6611018
0.4594182
0.3684209
0.6685254
0.77624625
0.68553483
0.57679945
0.4957798
0.57592595
0.43095604
0.26542234
0.2598829
0.41126764
0.6681264
0.6410657
0.3262201
0.71013963
0.3019589
0.24029385
0.26253584
0.29626492
0.19147094
0.69755363
0.5719207
0.47831315
0.7775656
0.69709027
0.67435795
0.35823697
0.40065065
0.6099813
0.5464101
0.3969887
0.42977506
0.51941085
0.79564756
0.46277213
0.7833203
0.39580056
0.60077167
0.39669043
0.2578352
0.36351007
0.6050483
0.2332315
0.19033799
0.6803915
0.7913822
0.47084618
0.7692675
0.6992258
0.5365217
0.6426002
0.8123246
0.5000227
0.6411362
0.32565668
0.5025127
0.55106336
0.7000673
0.22133769
0.50825566
0.6819948
0.69210786
0.28371763
0.35382554
0.28356606
0.80472517
0.42911676
0.42239836
0.22539955
0.4581922
0.5786542
0.3189286
0.542357
0.34426928
0.62922543
0.39496762
0.8734345
0.2597771
0.6745862
0.475629
0.71131456
0.24061947
0.54833275
0.5467708
0.4328135
0.61053747
0.77967274
0.6049976
0.2764214
0.8000555
0.593452
0.684828
0.42595956
0.54934925
0.26676747
0.6435003
0.25276014
0.64790946
0.6839834
0.6397471
0.30920243
0.639044
0.66725624
0.35042083
0.6050895
0.27383235
0.6356096
0.39951655
0.6695009
0.6481283
0.55106336
0.6139995
0.29120716
0.26744372
0.82566017
0.7984465
0.69468635
0.63758385
0.6099294
0.8004901
0.3075859
0.3960036
0.43132555
0.43386656
0.30101886
0.77238214
0.56782204
0.39953265
0.21167938
0.5227883
0.6932873
0.22656994
0.6465369
0.64742273
0.608254
0.67293036
0.49906227
0.49790505
0.78575784
0.23023632
0.49623322
0.38373342
0.42980725
0.22745909
0.2866263
0.12735385
0.6815897
0.49783814
0.79376733
0.3475545
0.27810788
0.83660495
0.39878282
0.7034683
0.63724786
0.5510692
0.30575225
0.6701393
0.33191362
0.7925876
0.4960873
0.6396586
0.6992705
0.37378582
0.6731019
0.59847665
0.30545977
0.53752863
0.5976191
0.6397471
0.50046235
0.63768107
0.6339606
0.39208114
0.51603276
0.5836416
0.80010056
0.7786865
0.6397471
0.33235195
0.37694123
0.6512504
0.5774848
0.36706585
0.5515147
0.7192374
0.34927973
0.32900283
0.64231294
0.35907558
0.47473168
0.34832087
0.22451623
0.3723818
0.7546667
0.25952125
0.33160418
0.29270047
0.5992542
0.43893602
0.30378434
0.51810074
0.8272722
0.6862501
0.3713109
0.6817029
0.24431194
0.35592398
0.6479095
0.29982075
0.41711485
0.39748845
0.67686146
0.5253622
0.2469265
0.66656125
0.2795129
0.39857575
0.2964386
0.37354288
0.8007595
0.68004227
0.52987367
0.8074771
0.5361985
0.18466508
0.5467708
0.63958496
0.59722203
0.6429888
0.59427565
0.30587086
0.5051403
0.39892367
0.4938773
0.39831185
0.2998759
0.24868648
0.4991483
0.7053397
0.37975755
0.6012668
0.5216213
0.8312816
0.30749956
0.6127873
0.24413
0.6696946
0.26101077
0.48824313
0.5417714
0.40700608
0.47191826
0.40595457
0.69005567
0.55106336
0.6915412
0.8003493
0.21926275
0.70334965
0.6664377
0.6882928
0.806485
0.54199666
0.25818774
0.3573729
0.31355876
0.3345698
0.33097428
0.78917223
0.30822468
0.82916456
0.49274644
0.26536745
0.74824756
0.27113602
0.15115099
0.43403855
0.4349391
0.25377837
0.8514173
0.47005898
0.40838507
0.5936427
0.29844
0.30072302
0.62233925
0.78818685
0.799139
0.7796765
0.4383216
0.5936148
0.5191865
0.38828367
0.82431114
0.58979213
0.53747773
0.80231
0.62956005
0.5034151
0.28456202
0.23525594
0.8025299
0.42563757
0.6170984
0.67054784
0.4263932
0.15832102
0.6686018
0.6897059
0.50608563
0.52098197
0.43330973
0.3601099
0.23004988
0.6957937
0.33897975
0.4591416
0.6576581
0.6843943
0.35127306
0.48539516
0.5803224
0.683489
0.30755058
0.70284057
0.7119495
0.27009082
0.7803879
0.67455804
0.49734187
0.80029356
0.20038861
0.2029624
0.7972002
0.69409573
0.8436937
0.27412426
0.3852832
0.2684539
0.49246687
0.27887374
0.27348438
0.43539414
0.62895685
0.35528782
0.31633204
0.7943066
0.73734677
0.61078364
0.7064965
0.22466165
0.6914856
0.3980478
0.79702705
0.29366407
0.4024229
0.8010734
0.33303767
0.5382677
0.49323925
0.26313278
0.24769036
0.82028645
0.24783489
0.5220502
0.22236243
0.6086741
0.22607557
0.77639526
0.5708092
0.8159359
0.46633732
0.22618048
0.23893194
0.6449718
0.60794413
0.23430988
0.6735567
0.3270492
0.5271088
0.30060956
0.5501914
0.17787828
0.71750766
0.679379
0.5166188
0.49580666
0.30916673
0.40061036
0.23583782
0.6467094
0.21387658
0.6902313
0.308316
0.6253424
0.48046312
0.40829775
0.40108988
0.48650265
0.24849449
0.15453357
0.7911882
0.50970954
0.38687468
0.4865565
0.44059458
0.64742273
0.46974322
0.5274738
0.37974957
0.783262
0.1941814
0.6060443
0.40360492
0.689294
0.768786
0.3994753
0.41925818
0.2306642
0.33117256
0.4386947
0.37338287
0.24729747
0.30496377
0.22019258
0.6290224
0.48543006
0.24772407
0.24291119
0.5988769
0.6167498
0.55106336
0.4767582
0.69934684
0.6033792
0.3968727
0.36280927
0.45119253
0.39134997
0.5436859
0.43537936
0.66087574
0.8041917
0.5339788
0.7546667
0.31560665
0.2990851
0.64215845
0.40409663
0.5778149
0.60518146
0.36879027
0.66870165
0.7352525
0.6499367
0.6526458
0.7235338
0.68388
0.47554398
0.26739278
0.81928223
0.65552825
0.7937509
0.4006022
0.77914166
0.23753706
0.67890584
0.773528
0.48529872
0.8023516
0.5329416
0.6282184
0.6368967
0.39723366
0.5166449
0.3503166
0.30327588
0.73481286
0.33496687
0.67919576
0.70107317
0.40285403
0.3985341
0.46078917
0.53454024
0.49380964
0.6369097
0.50363415
0.6415248
0.7004848
0.49617332
0.6419268
0.6603942
0.2536061
0.58810514
0.642777
0.61345613
0.53763664
0.33358264
0.7663041
0.7960538
0.6021539
0.26231834
0.27973717
0.70590985
0.51407
0.3642381
0.46454468
0.81324774
0.48233908
0.21985449
0.6896334
0.6833939
0.24007988
0.59853584
0.3432705
0.5984773
0.5447277
0.80392945
0.6031832
0.64187396
0.5956811
0.61205804
0.5362506
0.30749786
0.26583016
0.38738012
0.78039753
0.4277329
0.2917487
0.36656043
0.26320535
0.6600833
0.6002541
0.5946241
0.47675586
0.78678894
0.5687367
0.71046704
0.53241175
0.20224586
0.6356847
0.5037512
0.68520695
0.41285676
0.3635192
0.78500193
0.5763397
0.5366594
0.7276663
0.30057502
0.6126271
0.29075494
0.7795828
0.6709506
0.57935727
0.5756787
0.2991154
0.57847244
0.4592004
0.4432216
0.596393
0.83900213
0.44442022
0.32491815
0.44031674
0.67877036
0.68939555
0.4987913
0.7016897
0.71653706
0.5972255
0.6346305
0.5058657
0.68927133
0.2922838
0.66314703
0.65799206
0.30783114
0.6976674
0.64179605
0.5502119
0.30659893
0.6476127
0.5614512
0.6687674
0.7043811
0.5215923
0.69701177
0.30898434
0.42886877
0.68554485
0.37827095
0.77581346
0.24151434
0.24532533
0.5784475
0.26750913
0.5027118
0.1815688
0.6792248
0.41940603
0.67976785
0.54388446
0.23141803
0.46692604
0.5498093
0.7016686
0.6871249
0.6728351
0.20437914
0.48963168
0.33014902
0.5040431
0.46903372
0.8022389
0.60802
0.66889787
0.49236023
0.6082996
0.49110404
0.7698854
0.54929215
0.7728144
0.31836802
0.54733294
0.8163185
0.6394113
0.82255095
0.6051229
0.79225516
0.6981635
0.8007121
0.5825431
0.519107
0.4275508
0.5768487
0.57809067
0.5327088
0.2978387
0.55106336
0.19152851
0.81395936
0.32176498
0.30976582
0.26628584
0.42939648
0.35422954
0.7919388
0.43741554
0.43667054
0.3666691
0.4819862
0.59349585
0.8010761
0.67708313
0.16189227
0.39358506
0.7076815
0.67828095
0.7900596
0.43284738
0.25429583
0.46078917
0.51234466
0.32562938
0.20688102
0.6139643
0.45902774
0.45059615
0.2709915
0.67084175
0.4256979
0.19417362
0.67009026
0.70166695
0.3987686
0.25973928
0.32133093
0.6653258
0.19758277
0.39932114
0.47201678
0.5130117
0.5935811
0.50112367
0.7995735
0.49729484
0.6764735
0.79509383
0.42595077
0.6003182
0.5849328
0.35366306
0.79794174
0.6034592
0.542357
0.20442338
0.37850395
0.19888146
0.38589543
0.3820986
0.5739608
0.50225836
0.5474683
0.6680646
0.46078917
0.6413096
0.49204347
0.774283
0.2201094
0.28059962
0.476721
0.7964842
0.22964247
0.4665338
0.19496799
0.8005055
0.36183187
0.67794216
0.69638616
0.6934953
0.67013776
0.29636157
0.46670085
0.10092845
0.60884225
0.6064123
0.57208955
0.2970575
0.5011122
0.59704596
0.33121654
0.6931595
0.7997533
0.53020406
0.2694445
0.4849695
0.2448231
0.7784708
0.8024794
0.8022247
0.490876
0.808863
0.43338913
0.7792416
0.30266717
0.7800869
0.5749537
0.3672035
0.59341574
0.6733636
0.29716963
0.7730089
0.7974084
0.65853983
0.4831045
0.77666706
0.5082108
0.5764755
0.32024688
0.3966109
0.7735451
0.30906758
0.27666593
0.24512258
0.6960321
0.7800189
0.769492
0.4695708
0.63740426
0.30287024
0.6778144
0.30151886
0.67324215
0.39750424
0.51783997
0.6412641
0.49225736
0.8057027
0.79053164
0.2914595
0.40340793
0.3216491
0.7090078
0.7914136
0.6596313
0.712305
0.6490239
0.33870578
0.43708143
0.5348635
0.66767764
0.43355244
0.70028096
0.63966614
0.27959567
0.4057755
0.5607752
0.32360712
0.5163019
0.36310017
0.67158085
0.46471697
0.76640004
0.5410578
0.57331496
0.53984356
0.19911861
0.2573853
0.23450781
0.3589925
0.6869585
0.30724066
0.46740898
0.77448165
0.42657346
0.668568
0.66847205
0.54833275
0.812273
0.5810969
0.77640784
0.67083216
0.30449942
0.4020072
0.84514713
0.65203303
0.39952904
0.80084914
0.8530708
0.56361437
0.46145204
0.6613212
0.6583585
0.27776772
0.3296066
0.3889992
0.68911916
0.51746815
0.18687342
0.62632185
0.5206143
0.6390216
0.64742273
0.3707133
0.4441505
0.2542737
0.39464545
0.37526938
0.30961746
0.3825515
0.80843794
0.4006217
0.21974084
0.5956518
0.6993031
0.551743
0.7777528
0.33076635
0.38974857
0.32854477
0.7544006
0.37556866
0.79962903
0.28952393
0.46040845
0.23292698
0.31150317
0.6350867
0.37962243
0.454093
0.59066904
0.6659922
0.6638438
0.53225386
0.30825642
0.6087702
0.85090435
0.24374287
0.69317365
0.54739004
0.2748076
0.2975621
0.49804303
0.24853916
0.6735686
0.4044115
0.33603507
0.46373275
0.3243329
0.5344305
0.4764067
0.49626622
0.29884836
0.7780671
0.68839103
0.3962201
0.29272577
0.38160926
0.5819179
0.21789722
0.4020615
0.5994406
0.66063815
0.4665338
0.5447277
0.6436027
0.55663395
0.37187496
0.6968635
0.6390674
0.68851626
0.56716007
0.7061945
0.5942261
0.46209925
0.6860479
0.42867142
0.5475005
0.70739436
0.64155525
0.55106336
0.57195026
0.5772527
0.1884115
0.5843803
0.67891854
0.5903837
0.45529348
0.4699918
0.263339
0.2206957
0.7677403
0.28762054
0.1948016
0.32756057
0.77429694
0.64824814
0.519343
0.426084
0.65533423
0.5757308
0.30018586
0.5206836
0.63559026
0.67613935
0.8099605
0.5220339
0.639007
0.4647574
0.3782988
0.70629114
0.8301221
0.26263136
0.57452345
0.7890519
0.44889325
0.5142056
0.6767639
0.49004373
0.47222996
0.6442796
0.6508563
0.43969035
0.28639355
0.50216895
0.64215845
0.42776334
0.8090483
0.30023023
0.8133096
0.7204936
0.27298987
0.4916687
0.6780614
0.28986526
0.23984747
0.3763474
0.737039
0.3981616
0.6919211
0.48342168
0.6965296
0.6389866
0.5467708
0.36174852
0.24268815
0.5002852
0.51999414
0.26872206
0.3542945
0.6747921
0.18102388
0.6995055
0.5447277
0.65506893
0.3694281
0.44815096
0.6481653
0.22902183
0.69908905
0.3355202
0.3737918
0.69162565
0.23150189
0.37457198
0.4581922
0.6686972
0.60384756
0.64062554
0.38278824
0.53739256
0.4064575
0.5508887
0.40067738
0.9306022
0.5263876
0.4666503
0.39451906
0.25357395
0.7546667
0.63908684
0.36084798
0.59346133
0.32079935
0.5995655
0.6993501
0.7131727
0.84729224
0.21081273
0.25580645
0.7688173
0.24206635
0.50150275
0.5447277
0.39145717
0.8144056
0.4633071
0.17122467
0.29760292
0.6048348
0.31505525
0.67123544
0.6164739
0.7199387
0.7933021
0.42576617
0.5447277
0.2514075
0.6720581
0.36059627
0.5837816
0.53691983
0.5719498
0.36722353
0.80017006
0.76700306
0.42112264
0.5201523
0.29844058
0.2990146
0.4049957
0.55106336
0.67973983
0.78592825
0.8085275
0.64472973
0.54833275
0.5665215
0.5918072
0.36780468
0.66699207
0.36985776
0.60716486
0.67198175
0.59869045
0.39865735
0.76499045
0.39980525
0.802319
0.65582716
0.29712194
0.62532204
0.68075955
0.43117425
0.6962728
0.19153509
0.18795326
0.47010323
0.25486392
0.63789475
0.3828387
0.59289634
0.73534465
0.24867557
0.44762734
0.67091256
0.24966875
0.39495543
0.478449
0.54548484
0.6797621
0.7995621
0.5897173
0.80198956
0.79903233
0.7040917
0.765506
0.32627043
0.7717136
0.26410913
0.4262476
0.18175244
0.43151912
0.32966337
0.24928625
0.74824756
0.69439286
0.8427729
0.6913623
0.40696585
0.2877245
0.5498502
0.6736983
0.47003254
0.28559577
0.5782022
0.77151537
0.46732238
0.792146
0.5729977
0.36132872
0.7721221
0.6392435
0.43821493
0.6976224
0.2029625
0.23759629
0.27494094
0.5478987
0.7417765
0.5253392
0.25940588
0.28008184
0.275614
0.46639204
0.800115
0.65451646
0.7965778
0.5788574
0.4568851
0.60698736
0.318392
0.31432736
0.5633262
0.3105016
0.1947352
0.29439482
0.39687476
0.6765468
0.18416916
0.33169985
0.5771148
0.44023216
0.4840439
0.39101514
0.69952387
0.59772664
0.6686446
0.78251755
0.39887744
0.3330293
0.76595354
0.21606511
0.25667623
0.7010044
0.33283556
0.40020138
0.62524337
0.46543485
0.39490974
0.5339383
0.6769422
0.34200582
0.33034086
0.29085037
0.79904646
0.60022897
0.585475
0.20341544
0.64221555
0.54646605
0.35570282
0.6019814
0.3071918
0.79814595
0.49210703
0.312529
0.36624166
0.701573
0.56644005
0.39997977
0.737039
0.41054708
0.23233758
0.8558037
0.77589136
0.7885375
0.776634
0.36072397
0.47301075
0.8157236
0.37549227
0.6321563
0.8174788
0.3958805
0.6627626
0.6396431
0.4310135
0.49857408
0.5131849
0.4125392
0.65393645
0.5484202
0.30150184
0.5203822
0.26725784
0.6629476
0.5698662
0.29549524
0.64215845
0.704309
0.43101516
0.708075
0.49855134
0.39325562
0.59920657
0.38290367
0.64015657
0.29230294
0.55399185
0.6666402
0.57560605
0.6013998
0.70233786
0.59694576
0.28033823
0.6079867
0.29065686
0.6993447
0.6562891
0.4028325
0.5038726
0.68394285
0.6726717
0.5496323
0.6619437
0.20080923
0.50888807
0.6779046
0.4705974
0.6845368
0.21054809
0.5167145
0.43307894
0.5315926
0.64661163
0.6853712
0.5567046
0.5275449
0.43041092
0.29359767
0.64742273
0.43372315
0.20022862
0.66682255
0.31814727
0.4044606
0.7874795
0.5976822
0.70033365
0.56446815
0.7747595
0.26643142
0.40102172
0.78587425
0.23817016
0.60108376
0.31035745
0.5534707
0.3674559
0.6252982
0.6900883
0.29180172
0.7738009
0.6202005
0.6834299
0.59181285
0.26418072
0.56339025
0.5931314
0.60433155
0.24228853
0.6582809
0.45598418
0.5984519
0.3073174
0.7546667
0.6430864
0.6977994
0.32764944
0.5984189
0.7768888
0.34349176
0.22691937
0.3080294
0.20166095
0.25026533
0.69154334
0.6502902
0.49482402
0.44451904
0.6719589
0.36507294
0.4920849
0.5218492
0.3323503
0.3806465
0.29739922
0.5709886
0.23610592
0.37791395
0.7988337
0.6067254
0.3824754
0.7949224
0.29215178
0.79649585
0.40047532
0.33570257
0.6707843
0.31680343
0.27799454
0.43716225
0.29696226
0.31434578
0.64040583
0.81175286
0.673581
0.2684572
0.30102572
0.8226221
0.3644413
0.3601133
0.3222765
0.6002584
0.673059
0.6320992
0.64781046
0.16762275
0.405325
0.55396247
0.49980357
0.43514928
0.35708007
0.7776943
0.25162742
0.20911166
0.427928
0.6016113
0.40913892
0.49935967
0.606576
0.737039
0.7544006
0.73734677
0.7995367
0.39863214
0.37462616
0.4217182
0.5373084
0.32727167
0.29908538
0.29861474
0.59823245
0.30535695
0.29833937
0.28082117
0.2805375
0.24444199
0.40188813
0.3305851
0.6927233
0.40131113
0.6055641
0.74824756
0.39596584
0.23796828
0.6473791
0.45225167
0.27451804
0.67174816
0.38679382
0.7753303
0.32558274
0.76813066
0.49070385
0.5875688
0.643781
0.44790104
0.22856694
0.64905536
0.6058438
0.6078324
0.19525163
0.20455715
0.25364476
0.39145952
0.29960942
0.30282256
0.64311427
0.43241298
0.6510028
0.2654238
0.7544006
0.5010107
0.5023658
0.63312984
0.40718412
0.7681149
0.68469524
0.4016662
0.22765683
0.5342024
0.56157434
0.71988285
0.5398515
0.5367606
0.43394077
0.70593864
0.3337503
0.3802725
0.4404893
0.26900807
0.74824756
0.4594058
0.77134347
0.7047432
0.4583129
0.58389443
0.7757607
0.19732253
0.4523195
0.34813362
0.30143335
0.46078917
0.15094888
0.5673085
0.3767707
0.41984916
0.69983095
0.44521722
0.37182772
0.28021094
0.60058224
0.3783765
0.46458358
0.47300264
0.23081274
0.6513094
0.36549026
0.51007307
0.59874517
0.39547038
0.5544066
0.35893098
0.37278488
0.6104035
0.40187934
0.22282732
0.77555895
0.22462697
0.6476156
0.39999488
0.39961198
0.6516237
0.24160789
0.46198076
0.8754601
0.5553668
0.59871966
0.76643836
0.33654574
0.4268675
0.542357
0.77158123
0.7728021
0.6751043
0.22907935
0.7975175
0.6018243
0.33370236
0.4359245
0.3758665
0.5658943
0.7834969
0.5467708
0.37589526
0.70905536
0.38450295
0.4806108
0.31450596
0.49453446
0.31586638
0.69954294
0.640187
0.8386916
0.6726081
0.40872678
0.30306226
0.51327705
0.45316702
0.40736824
0.40194643
0.4624323
0.30069637
0.4677349
0.4620852
0.7544006
0.63748586
0.57011074
0.24998969
0.6397181
0.49394673
0.679623
0.6356847
0.8009692
0.5047055
0.4629588
0.79354876
0.30278024
0.68685657
0.30464053
0.25500813
0.3983352
0.23368393
0.26378244
0.2735348
0.21265802
0.5717799
0.2927886
0.63733184
0.7880222
0.33998585
0.57550746
0.6366194
0.5066558
0.49935752
0.31558868
0.73734677
0.304313
0.7750652
0.36720037
0.77198267
0.3348086
0.65735567
0.21439365
0.5357699
0.40045485
0.641366
0.2736652
0.2893062
0.83443594
0.6508222
0.25744578
0.23500668
0.6772864
0.2126683
0.42866027
0.3890175
0.6464594
0.8072158
0.36280775
0.7904567
0.5460295
0.226357
0.36843893
0.67763853
0.4689352
0.74824756
0.2689733
0.6607869
0.5790578
0.64281523
0.32123566
0.63815594
0.32841915
0.5152937
0.8010898
0.46078917
0.25140777
0.7771908
0.6382155
0.8239177
0.6132705
0.7826092
0.40084952
0.53067243
0.47972324
0.69704527
0.6528703
0.40136766
0.21666218
0.7946463
0.48470137
0.79825914
0.57573324
0.38196832
0.49738556
0.49590486
0.6430642
0.6553237
0.27745697
0.2377521
0.36058953
0.2518561
0.80538625
0.1902963
0.41769373
0.671386
0.78930765
0.6680805
0.5961089
0.66718704
0.16475537
0.5275898
0.22083005
0.5253139
0.49971732
0.6418676
0.3022935
0.37776092
0.36797458
0.6427239
0.78097206
0.8124306
0.40111586
0.6956992
0.73734677
0.6739886
0.69849974
0.69951373
0.6591927
0.47540206
0.8390736
0.77100426
0.569587
0.4740426
0.6980709
0.653856
0.56501716
0.691946
0.64784604
0.4677349
0.67651653
0.49278355
0.64646286
0.3666768
0.3811292
0.3209384
0.73313856
0.34465796
0.7845124
0.7265872
0.2745548
0.29504028
0.786677
0.23385401
0.31348574
0.6024272
0.6909294
0.66888964
0.39787513
0.47245526
0.32737735
0.57509035
0.6637601
0.23832504
0.5989421
0.3997001
0.6671164
0.33232942
0.2235958
0.39785522
0.50546277
0.31844074
0.5447277
0.27904224
0.6147142
0.31615192
0.5645054
0.46312398
0.44137022
0.5693685
0.29129264
0.64866227
0.7929977
0.32843962
0.2906213
0.39839843
0.48576128
0.7153087
0.7352525
0.5281656
0.60026276
0.30918258
0.6084334
0.3805934
0.69580925
0.3275044
0.8443078
0.32761323
0.5073451
0.76510423
0.6511176
0.7783414
0.81316555
0.52126884
0.5447277
0.76919764
0.45329183
0.48429257
0.28482398
0.8227183
0.3142373
0.81228924
0.35787708
0.6892669
0.50596946
0.29457378
0.7700995
0.6144873
0.667383
0.391097
0.1365265
0.67012167
0.45542634
0.49747014
0.7788496
0.79149675
0.25257757
0.39352828
0.400412
0.5924324
0.39933693
0.32414424
0.48724833
0.65812653
0.37917104
0.6737761
0.6819586
0.51801807
0.57869977
0.28357214
0.39756858
0.67086554
0.3321558
0.19134225
0.58564967
0.4828493
0.6001524
0.5732799
0.3978033
0.7352525
0.8364148
0.597433
0.6968055
0.33214423
0.7996074
0.31189328
0.28942412
0.64463025
0.652397
0.6705786
0.60208046
0.59876436
0.53548455
0.5701414
0.8073993
0.59475505
0.80164325
0.82643044
0.499425
0.2948747
0.29540595
0.79567397
0.7670954
0.3325658
0.6732846
0.51905674
0.3809309
0.3506879
0.5857797
0.259347
0.6553214
0.78370696
0.30752343
0.7692068
0.5217606
0.22332932
0.2857005
0.7985892
0.59596586
0.71558166
0.6398111
0.59734565
0.2762333
0.48351812
0.6773072
0.5717192
0.68435144
0.234628
0.52624345
0.24823043
0.4848919
0.6776219
0.30983362
0.22928578
0.37254402
0.21843933
0.3944087
0.69049317
0.44503212
0.27214044
0.39672977
0.52093816
0.32382855
0.3383672
0.30092412
0.80660385
0.80086905
0.39304173
0.78998995
0.28317034
0.45773527
0.7824846
0.30998224
0.3087937
0.6451254
0.80537826
0.49921966
0.61092764
0.49647367
0.4307588
0.8005733
0.28001022
0.3978401
0.3813038
0.45699584
0.18260776
0.67452204
0.30437234
0.2009692
0.7753586
0.60469353
0.64269346
0.67507017
0.639576
0.6087552
0.49139544
0.5744595
0.17808937
0.66570127
0.6570394
0.26207736
0.6813065
0.6370106
0.47857252
0.33628288
0.4876783
0.811185
0.3906489
0.67194474
0.4461485
0.35942155
0.41883796
0.5661067
0.7544006
0.6765782
0.49721044
0.4695305
0.6722947
0.5937316
0.511815
0.47871822
0.7982556
0.506849
0.20169131
0.57374233
0.65618336
0.2569913
0.36658117
0.3008363
0.5467708
0.5565109
0.3256629
0.6998034
0.29655167
0.34172165
0.3830769
0.44540066
0.77366394
0.6558978
0.39343125
0.81318796
0.6031929
0.30756
0.55370826
0.49491152
0.6701572
0.2460652
0.61619604
0.5973391
0.5202119
0.52313715
0.2621452
0.50573534
0.60480523
0.4581922
0.44257513
0.83650833
0.4012272
0.65649825
0.3808359
0.59481543
0.68600136
0.37538242
0.3798368
0.32260567
0.78734076
0.39677998
0.605507
0.69982225
0.79599166
0.19612442
0.45903757
0.22346954
0.6072487
0.53820276
0.7077655
0.38946965
0.6993146
0.48579058
0.38007197
0.40382886
0.801344
0.23890105
0.73734677
0.5708727
0.39911926
0.6479224
0.6810748
0.6740231
0.31807134
0.23940979
0.54685533
0.5821327
0.66758
0.791557
0.5276398
0.8257752
0.43995887
0.3182703
0.8051418
0.4032403
0.46215376
0.7941816
0.46756926
0.23711866
0.5346721
0.2614933
0.6302241
0.46654522
0.37269762
0.49081352
0.78627324
0.21399972
0.5411619
0.29607877
0.81503403
0.6356847
0.4638277
0.25995177
0.5142915
0.60882306
0.5467708
0.6903435
0.5570899
0.2474589
0.30582267
0.25189233
0.7734622
0.69584966
0.4867993
0.2764566
0.46418774
0.7999632
0.24765487
0.80342585
0.6575745
0.21539754
0.77766883
0.4665338
0.36975548
0.59981906
0.64471716
0.5883097
0.18487129
0.37278652
0.5530944
0.73734677
0.80259186
0.33392972
0.31126848
0.6014476
0.2775084
0.6774187
0.59430397
0.73534465
0.42309493
0.67955476
0.32365653
0.3772504
0.58679545
0.19631702
0.37151298
0.24515733
0.29752687
0.46466216
0.30078092
0.5831993
0.25966096
0.30110264
0.66098213
0.43608505
0.31574044
0.62753236
0.28130186
0.67449546
0.5907815
0.63939255
0.65786684
0.28729716
0.73534465
0.21238205
0.6488081
0.81561023
0.31205305
0.6383475
0.28819355
0.29225495
0.6707726
0.59744316
0.4665338
0.39868078
0.7783425
0.30588824
0.6704256
0.6356847
0.22188656
0.5994259
0.24976672
0.33453786
0.77761596
0.5988762
0.39022714
0.2941788
0.6999269
0.36945102
0.29865167
0.20793751
0.49728307
0.60921293
0.53384674
0.67293096
0.8338373
0.49576703
0.31285194
0.7011632
0.6525662
0.4665338
0.53866124
0.7546667
0.34064743
0.4268776
0.7687216
0.6356803
0.27790204
0.4016825
0.30619526
0.6704365
0.6968452
0.6691758
0.5748585
0.4779477
0.66698563
0.6956829
0.45847124
0.37325814
0.37747994
0.70000345
0.6993332
0.21043043
0.5048488
0.6498107
0.79925704
0.7989943
0.6434396
0.47239676
0.5664725
0.476204
0.7729265
0.36609417
0.1829647
0.37582412
0.6107221
0.7417765
0.80514264
0.6557858
0.80265874
0.54833275
0.28798202
0.5187231
0.5394848
0.6070778
0.5799543
0.23452368
0.2754949
0.58712363
0.42923737
0.38832214
0.8144408
0.6692071
0.39340866
0.6397471
0.69290715
0.5812482
0.26346305
0.69100565
0.7996565
0.4608848
0.6994173
0.43941823
0.72318983
0.39710155
0.30060008
0.65602154
0.5262858
0.64128745
0.23102221
0.42921132
0.7731865
0.70012796
0.2415104
0.2948237
0.800828
0.22012188
0.610314
0.64205605
0.50956106
0.28274003
0.20454054
0.63412386
0.34826007
0.3290528
0.64215845
0.6509349
0.6095178
0.8046057
0.60403746
0.5187248
0.49895826
0.36196998
0.5361096
0.2664799
0.3307683
0.475657
0.30139625
0.26355112
0.45915326
0.2739756
0.48987737
0.6690247
0.66913396
0.38161176
0.6810944
0.52892745
0.4677349
0.5989342
0.57965446
0.6600136
0.37813428
0.5088622
0.403632
0.29881424
0.40118763
0.307314
0.32678545
0.44876468
0.81901133
0.2643965
0.77235264
0.40773293
0.6356903
0.19385163
0.6712723
0.27685198
0.3989366
0.28210065
0.29084203
0.80162567
0.31825587
0.63625914
0.40524012
0.49509183
0.68303454
0.37218523
0.6414523
0.15676843
0.28321716
0.5813412
0.7977398
0.4603985
0.68484586
0.25905576
0.79513896
0.6860611
0.46515492
0.45800418
0.46843705
0.65867394
0.4127124
0.6977155
0.3808912
0.3902792
0.7820819
0.74824756
0.3496079
0.6127509
0.2222188
0.6550679
0.31595194
0.66019875
0.27224785
0.79980487
0.4061124
0.5698766
0.6524999
0.30154106
0.5552299
0.35469416
0.48287252
0.22195806
0.31645638
0.6346129
0.49320772
0.7669961
0.81805795
0.46078917
0.57512707
0.67431754
0.31089905
0.6738232
0.69996136
0.6441536
0.5026719
0.31205466
0.77955014
0.39502856
0.3998694
0.5028668
0.79869425
0.51348335
0.7762919
0.49935135
0.45321766
0.29629964
0.675862
0.27226216
0.45768622
0.73313856
0.85604995
0.6363895
0.43211606
0.6523287
0.7024333
0.8004458
0.67015135
0.49500147
0.31409618
0.17399025
0.7059436
0.38024643
0.34280807
0.6036269
0.6356847
0.6459482
0.70155114
0.57428014
0.36121795
0.5514864
0.6107896
0.6411353
0.6432298
0.25625703
0.5526429
0.7925051
0.53199744
0.3750248
0.68192035
0.59641325
0.56154716
0.48099682
0.5530074
0.6049789
0.57713324
0.19927882
0.26241517
0.2658736
0.45871937
0.46937636
0.33015397
0.824449
0.21495123
0.62922543
0.737039
0.6714832
0.69637644
0.4667541
0.4665338
0.5887443
0.70469904
0.64767367
0.69559956
0.64938825
0.6499083
0.7159447
0.4474093
0.67894995
0.5980527
0.35584435
0.6771644
0.720992
0.6735692
0.6998556
0.787625
0.2912677
0.45941794
0.14127661
0.25672984
0.19287944
0.399299
0.49850634
0.56009084
0.47189942
0.3995985
0.6985985
0.59688747
0.80599815
0.40150216
0.5355801
0.4923734
0.77772546
0.791101
0.68542737
0.5762024
0.53966445
0.33041397
0.51806587
0.35366526
0.64663565
0.35453072
0.22607972
0.5395423
0.4013753
0.78797024
0.4951268
0.3110457
0.20223673
0.36026764
0.6774143
0.49210775
0.2288676
0.23657107
0.5982788
0.80579764
0.64178735
0.82844794
0.55106336
0.6027159
0.616203
0.2845341
0.78722817
0.47391212
0.34139702
0.6146199
0.29986647
0.6789161
0.22082876
0.3134754
0.7665638
0.70383996
0.5682302
0.782337
0.3051675
0.22529654
0.42971134
0.3752106
0.40203926
0.27057242
0.7983424
0.4983978
0.6371623
0.513755
0.43625888
0.18450117
0.33237392
0.39933673
0.31648448
0.7972996
0.45352292
0.561329
0.77978593
0.6356847
0.38838091
0.69805676
0.33059123
0.37416297
0.7834779
0.40083814
0.6924522
0.25858018
0.34060645
0.56673795
0.465599
0.79699296
0.31014952
0.67659295
0.42871314
0.58380234
0.31384692
0.45680457
0.6078845
0.28828084
0.351863
0.6427836
0.39827338
0.40202224
0.23973368
0.33248794
0.62409914
0.5450588
0.30164555
0.59907615
0.2959274
0.6831279
0.39925122
0.74824756
0.258073
0.7808127
0.28948644
0.39750442
0.7544006
0.61026037
0.79494166
0.33506498
0.77776605
0.59723204
0.30722204
0.7546667
0.5846675
0.727781
0.31143513
0.26614168
0.37076116
0.6001327
0.43064603
0.3319779
0.29163188
0.6426917
0.29274824
0.26384473
0.7190288
0.5838583
0.5879193
0.46673453
0.31457293
0.28371283
0.5499812
0.32111585
0.50869757
0.56800914
0.22723062
0.59410685
0.24347185
0.5482852
0.44123384
0.55324477
0.52332544
0.3178513
0.8238346
0.8090703
0.6810489
0.6773652
0.385375
0.79103166
0.7669119
0.28459156
0.7079162
0.32283232
0.5383597
0.44557405
0.5702434
0.33455038
0.70157933
0.57742953
0.207047
0.6039145
0.29717475
0.67056084
0.83237374
0.5988422
0.37483618
0.29936975
0.32155848
0.5059128
0.7096777
0.5119531
0.25622457
0.36687043
0.38685527
0.61192644
0.6059084
0.36713055
0.51812536
0.40702406
0.6603447
0.6430309
0.5588921
0.33436862
0.8203457
0.6886838
0.5643062
0.54833275
0.6991075
0.7659181
0.5003722
0.48288593
0.60848016
0.5383478
0.7546667
0.60727334
0.6411405
0.6059092
0.66820604
0.18776287
0.4994942
0.3549596
0.32930234
0.58316576
0.5712071
0.7417765
0.4316903
0.4581922
0.3652185
0.4014134
0.69741035
0.4177672
0.20477735
0.7766219
0.3977128
0.27963483
0.6701982
0.67306554
0.2895658
0.5904766
0.2858531
0.46682882
0.29318318
0.69774604
0.33410493
0.50703627
0.62936586
0.25576034
0.58049834
0.24575432
0.768244
0.6949812
0.73534465
0.46406785
0.7963951
0.26897427
0.8005444
0.4644832
0.6751362
0.37276858
0.5232241
0.5664941
0.6704857
0.74824756
0.28918532
0.46261892
0.5467708
0.45432255
0.6731652
0.28070906
0.36796966
0.28778696
0.39951208
0.73734677
0.5444574
0.50033826
0.61293536
0.7004243
0.14769226
0.46903372
0.49836496
0.6441404
0.6515399
0.5332624
0.5959388
0.5769831
0.8204861
0.542357
0.8062251
0.5586434
0.2789635
0.6970892
0.78184885
0.26384604
0.5047897
0.40968293
0.5225352
0.66661
0.82656556
0.46078917
0.60103226
0.34944186
0.35880876
0.26743236
0.2468401
0.6703735
0.6675134
0.30481768
0.781792
0.29066703
0.328254
0.6664309
0.60005635
0.597879
0.6405281
0.1864772
0.4423869
0.6273817
0.84036344
0.5817215
0.40264484
0.2585096
0.4385857
0.7986276
0.6791184
0.737039
0.80612206
0.6397471
0.79725397
0.2597396
0.4411437
0.71330136
0.7544006
0.53463113
0.51705253
0.34663078
0.7956035
0.47365612
0.7924711
0.43933043
0.2595747
0.47551292
0.44283593
0.6753858
0.39640096
0.69534427
0.6773899
0.37093782
0.8200726
0.6679868
0.30580413
0.3512698
0.80120075
0.301047
0.19379711
0.2557635
0.5467708
0.3309431
0.8411657
0.5892842
0.25001287
0.6796096
0.39670727
0.688253
0.28747874
0.2997915
0.7992702
0.6696293
0.21577986
0.84681684
0.4886093
0.31670436
0.68005604
0.27253243
0.33130842
0.5604436
0.27205476
0.7882612
0.53769296
0.53856945
0.8004757
0.5746523
0.39656213
0.6975649
0.23174703
0.5527544
0.66407615
0.43338552
0.30224207
0.3936469
0.6301597
0.81900996
0.70032406
0.44834688
0.31832212
0.1988225
0.29361498
0.5402217
0.48847854
0.828035
0.49891946
0.4587427
0.43134293
0.81316257
0.46897253
0.7352525
0.43546307
0.49924463
0.5932583
0.53799266
0.3736627
0.78713214
0.63426656
0.5052494
0.31848505
0.65529484
0.5114982
0.53043705
0.27085036
0.32562333
0.81064653
0.6854895
0.30870077
0.64222723
0.79489094
0.6417691
0.41656852
0.6871833
0.27824634
0.23745158
0.6634942
0.8069542
0.79958874
0.80287886
0.535062
0.47196993
0.45452073
0.4677349
0.2536473
0.6491056
0.6786907
0.67342544
0.7878881
0.6397471
0.27498773
0.3058799
0.61181605
0.67029303
0.57935214
0.39452103
0.59758043
0.25580657
0.50054425
0.24847433
0.64275926
0.78218305
0.8338263
0.18649743
0.22729932
0.8028456
0.8018823
0.81382257
0.22073856
0.8052479
0.47011447
0.6816628
0.8107166
0.737039
0.30708322
0.49215397
0.4581922
0.74824756
0.31885275
0.37480226
0.6721321
0.38309848
0.63919526
0.30159435
0.21943884
0.5707894
0.70472497
0.6728535
0.39528307
0.36703765
0.2702839
0.8115412
0.5799763
0.32711306
0.48919222
0.5246862
0.7660849
0.79972553
0.32473406
0.5732886
0.6356847
0.2937792
0.8006737
0.27661484
0.3269162
0.395871
0.44450435
0.6397471
0.64990157
0.3560541
0.4035871
0.30011094
0.35245845
0.7148474
0.45515504
0.6052889
0.6516235
0.5003439
0.7977091
0.53395265
0.63739526
0.79166394
0.6350264
0.692291
0.40028983
0.7954378
0.31690043
0.36494285
0.81348467
0.52951604
0.4346494
0.3839276
0.31988284
0.8077153
0.25100046
0.50313705
0.51915014
0.52243084
0.59569645
0.6457
0.32755548
0.48911265
0.22681645
0.42162827
0.52521116
0.62650144
0.6845052
0.535519
0.7806697
0.4665338
0.68331957
0.64713603
0.25596562
0.55868644
0.2803183
0.20777348
0.73313856
0.36221308
0.42837882
0.80597305
0.20853773
0.49438196
0.64215845
0.6310874
0.4002916
0.32815236
0.7812108
0.6742624
0.39445335
0.5403249
0.6372468
0.23580147
0.4299665
0.5286579
0.33285302
0.64158815
0.7663118
0.2999087
0.64215845
0.6992166
0.6722517
0.40494588
0.64215845
0.56664807
0.30217472
0.30613807
0.81957746
0.5588699
0.46993193
0.32972085
0.39982712
0.67306477
0.8000772
0.49789885
0.24527603
0.8053302
0.3783568
0.29719424
0.45941862
0.5393543
0.6619711
0.6772751
0.29763836
0.6553686
0.54468477
0.5467708
0.20075011
0.23159471
0.81421196
0.6900918
0.3931899
0.42714316
0.6144264
0.6987783
0.61062264
0.23715903
0.46903372
0.31764406
0.39546952
0.58041906
0.4676808
0.69902396
0.8023187
0.54008603
0.3955274
0.37019047
0.7160227
0.69594985
0.6667622
0.29321823
0.3052529
0.54317105
0.4955467
0.7806434
0.73313856
0.77421033
0.5039065
0.5825952
0.8324055
0.52253413
0.65133876
0.60483813
0.30032432
0.6117544
0.5102128
0.5293032
0.63881886
0.4677349
0.497397
0.7165518
0.45041412
0.4067886
0.44676012
0.48219842
0.4315222
0.53411585
0.24798329
0.4674785
0.49715063
0.21714617
0.430794
0.3920062
0.37634063
0.6971723
0.5906356
0.55384415
0.69080293
0.6943188
0.32536837
0.63961613
0.39287296
0.79737467
0.647639
0.3678856
0.7697575
0.26002944
0.5042325
0.49736807
0.37593776
0.45716658
0.5994437
0.701131
0.6687402
0.55093503
0.45668626
0.63858753
0.67158103
0.7158765
0.38360897
0.51102304
0.39940327
0.39583403
0.737039
0.6012775
0.72946215
0.18135834
0.8008723
0.26500005
0.27073327
0.37880692
0.63331705
0.78556085
0.7765689
0.25468692
0.67146486
0.5739229
0.25451946
0.67920583
0.28054228
0.29655686
0.46778202
0.79036456
0.7747707
0.57631665
0.8069399
0.7736536
0.76768726
0.6369425
0.83351034
0.5700406
0.35344306
0.33296964
0.099896714
0.49680528
0.56803477
0.44053602
0.22768274
0.246125
0.76962614
0.38930815
0.737039
0.28819656
0.43158332
0.67549396
0.39946666
0.36993095
0.7900537
0.7039641
0.43035156
0.8127288
0.6950979
0.77150625
0.43021917
0.355697
0.5679347
0.79690593
0.59643877
0.51827174
0.6043003
0.4725914
0.640899
0.66496295
0.43133625
0.47580492
0.3238506
0.4389594
0.7352525
0.68713033
0.6717815
0.4347931
0.58454883
0.80071825
0.5844378
0.30998486
0.56301665
0.5428279
0.31395584
0.6775033
0.3703988
0.6829092
0.30235276
0.6331689
0.19463009
0.29140383
0.5765719
0.3950177
0.4943667
0.30946806
0.6129336
0.17504624
0.45753476
0.7702524
0.77517426
0.6078985
0.6404196
0.7059192
0.34875438
0.57461715
0.7006544
0.788379
0.51209855
0.57721025
0.7957888
0.23711006
0.3188545
0.12702198
0.78097415
0.80085874
0.37787357
0.82876456
0.6422369
0.5423463
0.6678625
0.5201008
0.5449133
0.54637367
0.6914367
0.31279954
0.64898
0.32385775
0.7672635
0.68281054
0.7035486
0.7141678
0.25239527
0.46682483
0.3835386
0.46969837
0.6693351
0.49769083
0.542357
0.31719622
0.67450637
0.3991512
0.38069424
0.57098323
0.643609
0.35369298
0.43876654
0.54813886
0.46044427
0.7417765
0.811169
0.38122383
0.2956784
0.4677349
0.40047616
0.48907283
0.63820875
0.5658469
0.55009854
0.6002353
0.58886313
0.6430409
0.64742273
0.6718874
0.37851334
0.26492727
0.6560122
0.36440077
0.2883883
0.2198849
0.49738988
0.65659356
0.39355543
0.6842885
0.24109474
0.3693201
0.8003578
0.45513964
0.6395251
0.37177524
0.6672302
0.38746384
0.48420164
0.79227203
0.8014353
0.5674018
0.79773164
0.6488645
0.29028165
0.32085687
0.8244277
0.6012884
0.23677073
0.48024154
0.36613375
0.30479315
0.6775591
0.71455514
0.6823886
0.6772562
0.3661707
0.825198
0.17889455
0.43951374
0.49603087
0.36466092
0.66359746
0.317738
0.28223324
0.7012413
0.37646973
0.434291
0.29497033
0.7352525
0.25247034
0.47293302
0.30782267
0.4452848
0.59784335
0.33415914
0.7950636
0.22880812
0.8137438
0.6011777
0.45034268
0.28009257
0.34321168
0.775464
0.38136736
0.49521512
0.8046783
0.540246
0.70247835
0.7697382
0.39439884
0.525677
0.3262542
0.68496984
0.8211282
0.2558986
0.5073223
0.36494014
0.3447031
0.44131866
0.33293524
0.79121447
0.46841925
0.27098715
0.78282493
0.57917154
0.37369272
0.7158333
0.34299406
0.6742574
0.62570417
0.6568847
0.2153033
0.22085637
0.60718143
0.49558136
0.40142518
0.35750902
0.33183163
0.24685416
0.6681165
0.25204203
0.69941604
0.27142066
0.63482463
0.31508982
0.5051697
0.30188185
0.29708868
0.32329676
0.6374398
0.6781174
0.68160635
0.26975954
0.65597296
0.6712658
0.49495363
0.29705855
0.39687407
0.65536016
0.31273413
0.31733242
0.28177437
0.57030416
0.39846504
0.5790793
0.7417765
0.2813417
0.5782642
0.46458048
0.22474101
0.30350998
0.21527676
0.3266238
0.30890852
0.6614855
0.4942175
0.50020087
0.26044515
0.64256316
0.80114377
0.7676813
0.26142836
0.6691805
0.2981263
0.4901167
0.39104658
0.23290752
0.6405085
0.59872115
0.5458391
0.64213264
0.5811672
0.46078917
0.77405185
0.78779393
0.52314204
0.38556808
0.6464049
0.702002
0.5092507
0.2517098
0.6382122
0.65050143
0.73534465
0.6782585
0.6067888
0.51172245
0.3756333
0.3812388
0.5665688
0.57213545
0.6108666
0.4708953
0.5996639
0.3082433
0.542357
0.39528382
0.4883336
0.299729
0.65064067
0.37971023
0.63722754
0.77486306
0.31239232
0.5464405
0.7089686
0.6352165
0.28281027
0.2866243
0.6957635
0.77917665
0.44396982
0.68110645
0.3951638
0.65278673
0.5994845
0.79968446
0.32293257
0.79089653
0.29878205
0.4306393
0.4010498
0.30522275
0.5077633
0.49997735
0.79243755
0.20973442
0.39005038
0.8210754
0.5447277
0.73313856
0.38601905
0.80803114
0.2211299
0.21481147
0.76699007
0.070544496
0.68399864
0.66970694
0.5660461
0.49431455
0.807649
0.7742896
0.22282407
0.7544006
0.64318347
0.6788502
0.57537514
0.62907887
0.5120375
0.4007035
0.6444594
0.4433912
0.26198605
0.79819816
0.60754526
0.6550614
0.36491466
0.47038272
0.38153017
0.78326476
0.39385363
0.32918566
0.14374499
0.7023315
0.23226327
0.51565504
0.21959074
0.3616994
0.27218834
0.7793621
0.6717665
0.67543143
0.6397471
0.5786467
0.5977048
0.30401295
0.69268477
0.39169922
0.3846678
0.6665938
0.60744405
0.6748403
0.3261798
0.65125096
0.56468266
0.35092163
0.29423103
0.27463046
0.7948897
0.2537417
0.28542748
0.38445574
0.7993667
0.49703878
0.7995887
0.3201499
0.30562043
0.7417765
0.43161508
0.601001
0.63969415
0.6570126
0.6692146
0.38200802
0.5694175
0.19919287
0.47295013
0.49599236
0.6012294
0.67419106
0.6392627
0.30832416
0.4634315
0.48816997
0.25319415
0.6829454
0.6672167
0.4677349
0.23294772
0.7957423
0.66809857
0.48498514
0.37239647
0.21193266
0.66821676
0.39437476
0.7872332
0.32672366
0.46338198
0.23424543
0.22758515
0.29095098
0.19817358
0.69470286
0.50017947
0.77954733
0.39259684
0.8085455
0.6832786
0.8197023
0.5904587
0.8083027
0.6980129
0.6005919
0.5553448
0.5669472
0.26852778
0.70822114
0.64079076
0.65344995
0.30455604
0.79984164
0.41801554
0.2284313
0.3251369
0.37169188
0.6917949
0.7987965
0.32072353
0.6412145
0.6248634
0.39821845
0.37397194
0.54963017
0.41449487
0.32176468
0.44947857
0.50495684
0.39789364
0.69911385
0.49343574
0.6305494
0.67500526
0.6509833
0.32766247
0.5031651
0.69920105
0.49285316
0.4927789
0.7417765
0.777774
0.54272085
0.6115072
0.2513895
0.28856677
0.5382246
0.5754867
0.4925679
0.82661515
0.30728316
0.42930934
0.6729563
0.505509
0.84917974
0.20737377
0.63979524
0.67929035
0.67669535
0.66428643
0.6533649
0.59890753
0.27137116
0.5781992
0.55378217
0.6649811
0.2927507
0.5999305
0.52170235
0.39914402
0.22716857
0.77850217
0.48684603
0.6820843
0.6687359
0.89986444
0.78268784
0.308806
0.6671948
0.6720423
0.6540527
0.48949212
0.47199973
0.38899982
0.3258184
0.2214419
0.5440865
0.31098843
0.7954677
0.70359766
0.4885903
0.8013011
0.7834821
0.38413185
